"","MDS1","MDS2","MDS3","MDS4","MDS5","MDS6","MDS7","MDS8","MDS9","MDS10","MDS11","MDS12","MDS13","MDS14","MDS15","MDS16","MDS17","MDS18","MDS19","MDS20"
"1-S01A",-0.0121961578490574,0.25765887321653,-0.584596127107783,-0.176189236709187,0.0772563484574715,-0.267866789617261,0.188211157575148,-0.127826628702745,-0.186041886163109,0.201408021705925,0.158581674860644,-0.113168397279639,-0.0755136798472018,0.124946892768712,-0.0702980268069333,-0.0042177482229642,0.0273135509210346,0.0137486155437371,-0.0895131799999787,0.0509812546285603
"1-S01B",-0.0414686428431191,0.160090074271745,-0.53770816488051,-0.148153526841378,0.134751628274164,-0.383841214026778,0.209645706069943,-0.129174941584859,-0.231569093725983,0.258325128880275,0.112454328009883,-0.204910251520317,-0.0893757528952852,0.20786228044897,-0.0922996716565247,0.0587601222384993,-0.0196719251204934,-0.105104353210423,-0.0922956659794591,0.0297216801394388
"1-S01C",-0.056291060169776,0.260316108331942,-0.517069836439777,-0.223139995285965,0.00941180306433579,-0.312220305743845,0.135011973817996,-0.175657563480997,-0.202966661110959,0.183104063263862,0.14921240353565,-0.0187364550656028,-0.046663568531565,0.0805067646191776,-0.116273554141464,0.0277139430196674,-0.0139130860810495,-0.147233738190263,-0.0299452295273808,0.0209882110647416
"1-S01D",-0.184271390793201,0.335509812157079,-0.58727183511673,-0.412910888548459,-0.0831880530937547,-0.291582023864592,0.0445006933629116,-0.221334347428312,-0.280331122035739,-0.0205447638165615,0.0142356095751019,-0.208931193764973,0.0349084623342414,0.0693163832872058,-0.0544156691063537,-0.0600327249822262,0.00436802231562227,-0.0819973028760098,-0.00797033112494398,0.0328039474174807
"1-S02A",-0.178069575435494,0.576975075982821,-0.329003443857691,0.266711939645061,-0.288429468209592,0.0651670533518588,-0.183371770689269,0.202499551068474,0.180685118829637,-0.238562878076764,0.234040789681369,-0.0781054688701225,-0.153899007683749,0.240804803188974,0.33771931359644,0.0341361042156678,0.075502040561714,0.299845988621743,0.225831426843188,0.145866196743881
"1-S02B",-0.127410988343111,0.568532047224348,-0.301117831294283,-0.00643753971436535,-0.211129143380311,-0.0457743136184573,-0.232315256613358,-0.000846893065764007,0.110613931409497,-0.187407638071771,0.148331623274778,-0.0276643940337138,0.0323723416259595,0.16287174951343,0.26093010488697,0.007873618681281,0.128296617050353,0.248699099735363,0.156891308907078,0.109154349222533
"1-S02C",0.0308926795134027,0.483728408945677,-0.187004390208625,0.0370282357572639,-0.213894999969351,-0.143910179113329,-0.129680159190472,0.124702086673556,0.173235040075037,-0.11299580093556,0.2341727948756,0.0187868339653662,-0.0330162308476309,0.304603526330654,0.262802925154395,0.0405734198085529,0.166891116504725,0.165666021649184,0.187238348820062,0.222543990853239
"1-S02D",-0.189508764689011,0.583871452342816,-0.192132483007659,0.0497726466295897,-0.327371271804621,0.0709121204473165,-0.25664031031826,0.0183129306205461,0.116405968020999,-0.268287387447709,0.134750849218561,-0.0444460444996979,-0.0901749686520832,0.337705736013308,0.331176591640409,0.112623259594094,0.101735461499985,0.226031648254696,0.169926352718002,0.0772867391917115
"1-S03A",-0.0732025419611289,0.483283550914147,-0.0241371818531752,-0.102109669541915,-0.415799319504833,-0.0681818716231045,-0.0689512917731261,0.185855878679177,0.0600502430471677,0.0658081191862442,0.0846555938700852,-0.355530693043592,-0.156418719421711,-0.07281424440981,0.126112971035857,-0.146836675600861,-0.0172849509564876,-0.21403500332315,-0.031164401396546,0.05513196331277
"1-S03B",-0.211689237628893,0.590452176515494,-0.247174554990496,0.106979233079972,-0.480654663749972,-0.0301642755944257,-0.106218554252237,0.30028973562778,0.145702257660735,-0.0893020555876286,0.175218273846933,-0.31401768585466,-0.115522075295496,-0.0657303838585531,0.122907826679815,-0.160807157377801,-0.0351898548887589,0.0313995081813731,-0.123476263895444,-0.0170679466144375
"1-S03C",-0.133841402845819,0.497210985733787,-0.38368187967067,0.327086191580045,-0.364720005281048,-0.251152732326856,-0.0667595808345029,0.18240632837159,0.308446306213238,-0.0378435165022013,0.120076091171184,-0.140871220478693,0.100201986843737,-0.140532066406533,0.100231922478198,-0.16230015209837,-0.0747784125168772,-0.138751861841374,-0.123998031709241,0.104964373505322
"1-S03D",-0.0966660473959307,0.466545601498615,-0.216571408136084,-0.0394499402154043,-0.454821676305307,-0.160943591413876,-0.136097038951622,0.12869093233433,0.128512886099623,-0.0397030328345651,0.133969624265445,-0.277876447475386,-0.0398027037981199,0.0320677533830778,0.166689952897003,-0.041392454103711,-0.0473134019800468,-0.258810971172954,-0.119873602737162,0.100492941106366
"1-S04A",-0.289610299547127,0.564469660764941,-0.193150497882012,-0.176299783917689,0.104390305056544,0.109659757804124,-0.252238645663554,-0.208606743238262,-0.157350935452597,0.105664306865681,-0.0580250845424965,-0.100314300297034,0.14991536695094,-0.0477783963353909,-0.148522561700857,-0.0955845426313542,0.0127663737735651,-0.0953120094049227,-0.0213787575613728,0.0899671933632356
"1-S04B",-0.311572459541979,0.490648259330675,-0.0608013901964758,-0.372260495716223,-0.0587721156359735,-0.0195052089151907,-0.28821103509423,-0.0647502900214436,-0.090567779478539,0.126078649609398,-0.311065880400718,-0.183155942104408,0.223331637052261,-0.22763172810577,0.00299834185977625,0.086846264598501,-0.116093312275312,0.0512587912770504,0.0538301848355625,-0.0934693027927182
"1-S04C",-0.271951591994321,0.512816320556612,-0.0943187670032339,-0.385868328661129,0.00801097349342264,0.0190544655833544,-0.194119337109533,-0.118168539541659,-0.202316876547199,0.0387417524145426,-0.302989271368715,-0.0706201420338593,0.132033058900798,-0.190797756342934,0.0187290662932757,-7.72955191112358e-05,0.206309721479384,0.0161742004438815,0.187363872588172,0.0452159648288197
"1-S04D",0.0143889322920847,0.4093332360033,-0.0169820539567706,-0.290150239077064,0.11226975595282,-0.093492999134823,-0.139584241390251,-0.0313329409943839,-0.055212199297781,0.238379792882338,-0.05409579189795,-0.160423357346491,0.189265511327644,-0.215295564640544,-0.150048764444211,0.06988261255428,0.208657336384994,-0.119492727682583,0.0289790761761861,0.0638433960145021
"1-S05A",-0.360262615167633,0.692966758650057,-0.232854304822961,0.0947731728733823,-0.0136422522042536,0.164428751135644,-0.338967764869069,-0.065235988800262,0.146113959024858,0.0875723106329061,-0.0831655541545175,0.0268952518708424,0.113506209138793,0.136084772439002,-0.212925350825194,0.257989323766094,0.0388274793756418,-0.192904825002552,0.131469322579713,-0.0842410909913568
"1-S05B",-0.418177634672469,0.665427138566601,-0.196073407659843,0.124403090458554,-0.0209416656931081,0.218316922638401,-0.40688615586183,-0.124384579176616,0.266099128450007,0.153446085365928,-0.0642986399883424,-0.0357943543623878,0.100562158202702,0.0708450027781998,-0.161574344583298,0.274982398158959,-0.00546095179875301,-0.252948296170891,0.0344085876065231,-0.0893908337630155
"1-S05C",-0.37583675561461,0.673833626283171,-0.265512390976678,0.0547387376511088,-0.0528243455259444,0.165488095237612,-0.339186752288506,0.00291462314926656,0.233887557624761,0.0234343290019176,-0.245067358128116,-0.0243018389396442,-0.0167576448416873,0.0627865129654035,-0.153254955646361,0.376323920568962,-0.058663996502803,-0.169646391744206,0.0655074639196749,-0.0445800306149215
"1-S05D",-0.323855282921501,0.692795502485134,-0.239137646089396,0.12182044146641,-0.0643031505017343,0.145699941937577,-0.338719072155241,-0.0423219841569646,0.216463586730908,-0.00199549873916078,-0.203221551353127,0.0339489217180902,0.0166839226557821,0.0235707643909285,-0.0788809810092075,0.231548276398336,0.0145660239002122,-0.277674999316101,0.126903462383881,-0.0746373679980058
"1-S06A",-0.411746517999315,0.509984221350798,0.22856351842968,-0.0160788849476692,-0.0330358084851611,0.366931891390024,-0.199523749295946,0.031124022806956,-0.102554910153665,0.289260153379659,-0.11679244290613,0.0804574823730856,0.0167473703924206,-0.20246924708233,-0.01778786404446,-0.205018118154965,-0.233825802001987,-0.102333273916398,0.218047072076746,0.115254955644452
"1-S06B",-0.475727856883368,0.263608660042263,-1.14888798395096,0.165709420586903,-0.05160716120812,-0.226793040704788,0.479141103268305,-0.076470414310997,-0.182719087079336,0.0489681656745267,0.0795220654654857,0.0176909774498232,0.0789314781054505,0.0665590075551537,-0.0688442255084249,0.125659634675085,-0.146703283927584,0.0275906104506971,-0.0858017495125953,-0.149213157229716
"1-S06C",-0.402269743200852,0.491765105922601,-0.061828264679117,-0.148910764488437,-0.176828026018734,-0.0947254946060685,-0.170262840014345,0.00707857599497788,-0.174708452288764,0.134268132403371,-0.193159340304502,0.0163199282692165,0.122779550440314,-0.157592957435453,-0.271871535054327,-0.271207249364641,-0.114804518878397,0.0723831661479063,0.131889264337577,0.104524634446521
"1-S06D",-0.452331843648156,0.306523082275856,-1.05173096101542,0.21372628037195,-0.0830497411250055,-0.250456527206225,0.502732659615153,-0.0823853238056434,-0.218470196830056,0.141064182956676,0.079308460944345,0.0637308009357216,0.120748176250795,-0.00953267143911848,-0.0208876656889546,-0.00440506116160721,-0.115201804373111,0.14853888766306,-0.0378385933449111,-0.0844671020811258
"1-S07A",-0.176368675224858,0.501659826988076,0.133290079741301,0.212844053267058,-0.31565900104369,0.198765659380284,-0.113566426736219,-0.356253357555229,0.0911619601838382,0.115937469724679,-0.0828598530864667,0.0479312127256876,-0.072055677936137,-0.071578077622597,-0.023169312034094,-0.144461842049564,0.00240910070458619,0.0571360040909582,-0.133264678941162,0.065965678864462
"1-S07B",-0.121581041453346,0.363568196730597,0.140273412834564,0.228127373461708,-0.458194280728851,-0.0311319432946315,-0.00300415891857979,-0.208114151527672,0.0812121961643053,0.23303552162238,0.0211605953223705,0.00196799668601549,-0.21060261019821,-0.186541708973994,-0.125028548072764,-0.0347556026369766,-0.0337877203521747,0.0851249347065078,-0.214953794132839,0.183966069317851
"1-S07C",-0.443838852342839,0.461066517199666,0.0921526731473086,0.353992993323145,-0.37770952205562,0.324657998296668,-0.100430541752976,-0.170814483245087,0.034911410315615,0.209416532063891,-0.216506092682062,-0.216032387587994,-0.39014088496228,-0.251703934847418,-0.195649196903516,-0.149089979356562,-0.140130135308761,0.0937431630643608,-0.00596330057953022,0.183871877675542
"1-S07D",-0.405152845970196,0.621660304910755,0.0381002904692854,0.339885149888472,-0.348265718978969,0.257956862054512,-0.11445028735654,0.0270197946033866,-0.0983364121974082,0.236764765656212,0.00977017329981336,-0.184523366779786,-0.148533548904977,-0.0814380315547127,-0.090014978158733,-0.00328656782501506,-0.119139275334984,0.0850660313071718,0.0614421138875503,0.23016569692583
"1-S08A",-0.122287982657953,0.188589854632912,-0.531485127404526,0.701021119881303,0.106678525263134,-0.450610635271211,0.00725224611230986,0.253814170236239,-0.069304078202035,-0.0505464878041819,-0.0959274965175538,0.185923593877701,0.0496995029239556,-0.0962090317990318,0.044918246512816,-0.0646031328219912,0.0377360195575545,0.0513782441619276,0.0795061175315403,-0.0463908313025882
"1-S08B",-0.287700652997226,0.197115430318906,-0.66874236070805,0.720998215620382,-0.0208656094125098,-0.41828493438597,0.319297262541521,0.128582256429531,-0.00136769053690102,-0.0612127424373921,-0.0225146815405963,0.329340912713713,0.31400110754207,-0.205707771596683,-0.144072811994241,0.0385726245477305,0.0551968059558691,0.0425240482780573,0.086179852419065,-0.043035290004641
"1-S08C",-0.308705544636346,0.346776176988496,-0.546699739876602,0.594497033531802,-0.197287204751817,-0.37528375481357,0.112283985263626,0.298999221700187,0.0661594585084769,-0.0535562308536468,0.0191544610371201,0.299863434493184,0.196831115111165,-0.141826919084236,-0.131378308214969,-0.0232711131872678,0.0276005153154856,-0.0824678774450882,0.0795699549091184,-0.0424165705306194
"1-S08D",-0.203281343531759,0.0906521577395875,-0.600262456451604,0.898881370572266,0.140883128631194,-0.417391903331014,0.100107714020052,0.201972638936808,-0.0120943776616196,-0.0470846332663547,-0.113925217200394,0.232688348740477,0.254321151863467,-0.139688911283878,-0.071897586659011,-0.06685672508494,-0.0483072513903586,-0.0454080636749883,0.0119257097412246,0.0105377380049719
"1-S09A",-0.56781976051843,0.367722391594302,-0.165248819315471,0.336874223026988,-0.434498488400751,-0.13104651897666,0.169310612010771,0.338114050515631,-0.39387290104437,-0.165282130150955,-0.0153392136793768,0.182392771152546,-0.134876620573261,0.214137467662313,0.185107401789211,-0.230683502785212,0.177792376327237,0.0241921439022284,-0.0262344047834485,-0.150079063627573
"1-S09B",-0.646630826570645,0.370981505665808,-0.236055012623702,0.482830593004886,-0.492221653467569,-0.154960769568476,0.0921899334310564,0.349755679127031,-0.33776605848964,-0.0383896955596985,0.0385108817772644,0.00176596559877291,-0.191788825858087,0.122977129764176,-0.103308466280938,-0.00858760419071986,0.0284022547803268,0.0346437238787729,-0.178224713352528,-0.128966153854006
"1-S09C",-0.55422071458828,0.178465262639366,-0.737871728909318,0.679527740014056,-0.254785377150965,-0.393292786789896,0.309832068562636,0.33280136763117,0.0108079273472942,-0.267378741910584,-0.0654794160486357,0.390708864987429,0.185870978881908,-0.129068044574399,-0.0357639424075744,-0.0422585940262402,-0.00552280694330618,0.115648389192764,0.0270094225329745,-0.122261867049283
"1-S09D",-0.66240725654623,0.378783572616369,0.10659044180878,0.0998622011928124,-0.374401906140975,0.109897673783322,-0.0472394529308188,0.203974202617926,-0.296526166748756,-0.00834679839269196,-0.105610342016885,0.0692048189092117,-0.306952280441237,0.323687600599478,-0.11017736726158,-0.0221248548234644,-0.163624190822114,-0.00156643089946444,-0.279956359037246,-0.0578023325579915
"1-S10A",-0.645963666284926,-0.364846407506678,0.398307679419548,0.0730194765814423,-0.0495603472725345,0.398228301981303,0.511066840516901,-0.0506593342655531,-0.466201321432281,-0.360316048586155,-0.473319087487995,0.317786902099732,-0.349877302651631,0.351117914299632,-0.239274918787778,0.436231300656191,-0.0916621279632163,-0.0393579298328467,0.395413151228748,0.0833698710154652
"1-S10B",-0.719609703490649,-0.221051662245937,0.30587686475629,0.14092472768965,-0.196017997591907,0.231534085968009,0.228928007942044,-0.110394584025677,-0.237384008677745,-0.0618785578299043,-0.260446319305031,-0.0504485187477475,-0.613441783111028,-0.184047806709878,-0.0820244828167923,-0.286248196886212,0.568268345152115,0.00600218883460671,-0.441726114498121,-0.0463386518595186
"1-S10C",-0.85362782081044,-0.104451156048807,0.472781614380923,-0.0434389612858895,-0.254137925596078,0.0340814060262581,-0.0666953031521479,0.143149211984845,-0.462479274030116,0.0300391672762456,-0.212736957806626,-0.105017137639675,-0.174617939900339,-0.022226143503592,0.0624097479264046,0.122077574335698,0.144408276672964,-0.172630379033563,-0.213418834851904,0.064888520138356
"1-S10D",-0.965073936574958,-0.105819924719033,0.396959971289603,-0.137155858327104,-0.243049871075344,-0.0451291060840642,-0.0552528840087005,0.124042716427469,-0.300969722169407,-0.0149990616450843,-0.0215684820224228,0.0859783753291562,-0.140892479065557,-0.0675209538158498,0.0314919386626317,-0.0473863644836191,-0.196949656040861,-0.124159630474697,-0.0960739428043303,0.0213752208160375
"1-S11A",0.305074263877861,0.297973504293592,0.2163407482646,0.282696730979796,-0.0765584524660236,0.148521480220596,-0.038490491350133,-0.385012794864257,0.118169189564923,0.191253155231892,0.0538038948514876,-0.108948816198229,0.0639654974406732,-0.064200647435066,0.019600782307146,0.262382139921168,0.106714762195367,0.255968342247112,-0.197571312687635,-0.252507386995737
"1-S11B",0.150963824209043,0.519382379255089,0.20689803760753,0.237525689063255,-0.185767158820761,0.264174809489013,-0.12295682407086,-0.247751142829849,0.184758020817575,0.135802881011936,0.138461559331902,-0.165587345820983,0.0303682398593816,-0.134819699262611,-0.0525670671694077,0.215549788093972,-0.0646002183750914,-0.0668987518781888,0.0014013327212525,-0.119878477765473
"1-S11C",0.0956256039267618,0.557481429566641,0.159528840034494,0.190735515522176,-0.170211863517872,0.302105101225949,-0.158540023632527,-0.252993480601992,0.0342063412587377,-0.0817419960337349,0.136718063599333,-0.161930859722366,-0.0827819466899591,0.0104560357105748,0.135568083927781,0.20419923448372,0.0874196302628495,-0.0846564874596077,-0.119916424491636,-0.253588855572849
"1-S11D",0.176767210614015,0.462509464461302,0.243467973594588,0.211375474060881,-0.189581924407433,0.204404150994074,-0.0576865635841121,-0.273750890014593,0.0739338664893261,0.166964670617973,0.263923417887375,0.0198218247416823,-0.0605314093125862,-0.133665844611009,0.0703002847284272,0.123227818261144,0.163559120874113,-0.0353015270789728,0.0905847923548292,-0.235254293393394
"2-S12A",-0.0248411782739854,0.138314203555614,0.466060464891944,-0.193644544293628,-0.155505479023846,0.326623393339365,0.304314717517898,0.198034281114359,-0.420453746876339,-0.330593614790283,-0.0823259486515445,-0.194501970528129,0.233086636702094,-0.537666810204717,0.148922817744362,0.0493483596925174,0.150436834668855,0.196180614199257,0.226354221793671,0.105805563955159
"2-S12B",0.222547089893104,0.277116750330592,0.436619849784001,-0.0816061253617139,0.00446763904626355,0.0365083354489364,0.123936892805267,0.0644261885941639,0.0197181379559623,0.148203084517682,-0.094307432424661,0.0446493824917846,0.0612013086536146,-0.186026555722633,0.00190370274475545,-0.153581302105414,0.510315500173439,0.0622109206522025,0.121608076402563,0.0363269719711561
"2-S12C",0.298208284218645,-0.0211797078629416,0.219344959026303,-0.0328385320616927,0.21465852676448,-0.416984961909572,-0.125406471566456,0.0333680198604407,-0.0999969703789901,0.16675431552504,-0.232898996048178,0.0154436982112595,0.0473929868837142,0.0678231002582739,0.171964995913624,-0.0941202663702121,-0.0873493101354263,-0.0814868538519258,0.114060858700618,-0.0895113272608366
"2-S13A",0.468003782489629,-0.754333163283965,-0.457026981226536,-0.0385832812712771,-0.138154336446871,0.322998917364927,-0.209946871362175,0.379021442089145,-0.135704213577105,0.201402071476786,0.124237584202868,-0.172645278019264,0.0463471476889898,-0.151678900907058,-0.20974984939785,0.340941924434482,0.353086020550791,0.123618894254806,0.0203983580510529,0.0996621249549274
"2-S13B",0.0364056305321512,-0.379138054792168,-0.747758846362124,-0.411503774344096,0.195871996816197,0.173031101433046,-0.0676395222273399,0.0428095140156295,0.00756676429933991,-0.688488871342248,0.163607867511152,-0.260513415277133,-0.100624767362605,-0.2686404975949,-0.40504001041193,-0.380716561150345,0.0599051093144819,0.0545176528017586,0.173025678098454,0.031201159351607
"2-S13C",0.159682994943315,-0.872577528885607,-0.721886653318691,-0.0648272945163056,-0.402232071292247,0.769029259972803,-0.138611416608278,0.313656366583251,0.0347800661080437,0.178268050457335,-0.13549855940594,0.238229002593311,0.301894829660993,0.102278463924809,0.148718346378391,-0.0647382200558236,0.044721849245959,0.0600689130779803,-0.0381596578787872,-0.0214050368263254
"2-S13D",0.203280692492868,0.0679521944424425,0.343673983911661,-0.28683250632266,-0.0220389778569625,-0.0268680017661777,0.495495616755261,0.38603158457748,0.540785489784254,0.418035141306757,-0.295545875788749,0.0197581831242388,-0.0749706514422672,0.0571305312705966,0.143155742292258,-0.0749229073326316,0.0855443801992905,0.0825890523414707,-0.192668003999169,0.272989783730308
"2-S14A",-0.319760226563343,-0.0134592290497065,-0.838972532591658,-0.196962818078372,0.526027052762151,0.327443016454118,0.605877841193114,-0.40877418530518,-0.174735512543189,0.26242188788898,0.019033729906592,-0.169014560864203,-0.251562447387712,-0.0569621001786304,0.474743510239404,0.0370709909764389,-0.426738268211557,-0.15901425713678,0.073721271214544,-0.0144649230734109
"2-S14B",-0.0572892926075201,0.0474453035029571,-0.0791165860257309,-0.365239915105631,0.108921536761009,-0.12059820306379,-0.00732867621112837,-0.395930330725865,-0.362290382090489,-0.427568447723648,-0.275524626836721,-0.234877324073097,0.414611256273233,-0.228002932936437,0.0804640960728984,0.132656261164994,0.314724778824235,0.0469047382679441,-0.0948485405696465,0.132574650890545
"2-S14C",-0.0761563061374014,0.0900768918901261,0.357842360951602,-0.341420029730352,-0.209689458464483,-0.125032779679525,0.106687044472236,0.0291880684246088,-0.00201016637531106,-0.186086304502185,-0.162492343674773,0.00235962722587713,0.265300091517711,0.296483934462258,0.402070746281756,-0.124670011331857,-0.0632082559159179,-0.296587293945584,0.251826640586455,0.042578833262734
"2-S14D",0.103748548890024,0.14868768372334,0.416481639243714,-0.393661963943937,-0.17862836358559,-0.176115544181625,0.201512218178221,0.226645766530175,0.00282665641465611,0.225657647850173,-0.024242166136035,0.269708745666062,-0.00372005995918179,-0.0607185620897543,0.0918835840437125,-0.0236673915337396,7.26817541329868e-05,-0.033547925136514,0.0370152986946933,0.316987706540943
"2-S15A",0.587820858360171,-0.896951683249476,-0.513270164491358,0.0937600617246834,-0.0811508204906496,0.299760322575064,-0.295954217780809,0.297285011550609,-0.0701061736697155,0.146154497343812,-0.0551027512428613,0.0605988506917584,0.0473551973719151,0.0399363228026174,0.0838330249546008,-0.113016884952912,-0.0882847724233261,0.106307575247496,-0.0278056047888375,-0.0353807504075698
"2-S15B",0.645789722901761,-0.555186468288091,-0.348658034990145,-0.193773174905723,-0.222347248211349,0.172657838115704,-0.21006483702371,0.28010852547073,-0.0349595260261704,0.0109265745944976,0.229182620521382,-0.067429621773597,-0.12927977219734,0.0395902259474653,-0.181036515720105,-0.0449571874398843,-0.0908053716967058,0.0520670336078689,0.0367068396580047,0.0578895999532441
"2-S15C",0.475849180046301,-0.591341429433973,-0.435797322685289,-0.304022675017803,-0.366009090217958,0.319718890495219,-0.286920326109038,0.282214185528596,-0.0291227684234368,-0.0122912165738131,0.216771984379395,-0.0341179439172996,-0.108528702327488,-0.0499649569305191,-0.137950085640327,-0.0557388147180229,-0.0687251685527555,0.00649815870570266,0.0135888037778103,0.038742352429218
"2-S15D",-0.164682045821364,-0.118597566696117,-0.891046106990574,-0.432038287257864,0.47494118136101,0.0955297344207071,0.565089396945283,-0.295161972974585,-0.057824178559157,0.334498445548848,0.204419543826088,-0.147029447872265,-0.357303899181379,-0.0804785323744057,0.164469842086026,-0.235751854288517,0.0297841534386029,0.00948251801229518,0.164042077515729,-0.0369372290893488
"2-S15E",0.569203275830138,-0.310369995987222,-0.0969671733235549,-0.27489791569731,-0.0690308700075714,-0.261957889347915,-0.134885512965993,0.170679571308938,0.0433144412354774,-0.135854413528417,0.132825576308659,-0.21391283076814,-0.121090059825733,0.146518386296905,-0.0852381865151195,0.0468871316432217,-0.000792395687888575,0.0481734634495868,0.00663334734317886,-0.0108779066990639
"2-S15F",-0.0821486654388834,0.163437451984112,0.112878187476884,-0.487838622458639,-0.400561759398439,-0.131541212318115,0.0775433601906553,-0.0479350491292705,0.125067614012878,-0.152823507415999,-0.377368123687195,0.048891581587463,0.00958473035215514,-0.0542178489587202,0.185054610429867,-0.0491292102728901,-0.485232965570106,-0.103372433190493,0.314815396642117,0.143540843558177
"2-S16A",0.0880479528142785,0.400472148359809,0.338309466106216,0.113735086318428,0.182172463806806,0.543909992478457,0.12291132784538,-0.0734313319238265,-0.0127985499294673,-0.226411058197038,0.0383835926602384,0.192394580131205,-0.145768249998939,-0.0229515400619951,0.128417490921459,-0.425083146019545,0.163178278486896,0.0575995900990897,0.499602270932661,0.0170156649098512
"2-S16B",0.394096594181049,0.179367423017216,0.365683098625584,0.234221908346274,0.472002143495249,0.268904170275904,0.307399965856421,0.0889119356913584,0.144113391821258,0.373998319547336,0.161220396344649,0.191228275900733,-0.0614540490628025,-0.0029361727931119,-0.424416386846579,-0.239260291400943,-0.00928532639767125,-0.0888751085838937,0.129689714706343,-0.0753163979675753
"2-S16C",0.183960573295542,0.356319795938392,0.308107928656869,-0.066857622546881,0.0736876716205466,0.489876714241252,0.24026129857636,0.308642915250556,0.0515319066593323,-0.163749749978162,0.193274455980531,-0.243337664421662,0.0521051643893432,-0.371154187027918,0.0406412067813053,-0.349345022004355,-0.0940815730404608,-0.277828989039208,0.111336378500589,-0.516769363254356
"2-S16D",0.38531516903106,0.247687398461558,-0.0206892956140711,0.000460346365631667,0.437793415338235,0.208794547237266,-0.0713523583026255,0.225380296043048,0.132006365241621,-0.0210678837213298,0.266500966975524,0.153808415472752,-0.200013895966026,0.0912997493065693,-0.218024987182285,0.161491864341214,0.144913217631502,0.131514452051722,0.164658459960048,-0.0890973948274871
"2-S17A",0.147801552887047,0.0667019022465009,0.18077828216681,0.035806020128276,-0.258197991677559,-0.181944929420516,0.092206940444257,-0.309920729623924,0.420952074451415,0.437911127327348,-0.268199708968809,-0.0666878272205634,-0.357160845374336,0.195220980814621,0.168504710877752,0.0875149715676917,0.217664655652037,-0.108824165121008,0.178479984419609,0.00204934547502585
"2-S17C",0.271959158808148,0.169738424641595,0.473874472707933,-0.154146920075874,-0.086797768188674,-0.0197182841094952,0.134549998120495,0.215962622434154,-0.230723955599057,0.158961860929984,0.0610895842994293,-0.103027640637136,0.0421113886213056,-0.103826532563146,-0.0638141586753222,0.218335693777356,0.079301998593212,0.0934045615664657,0.208671874031192,0.138525929383139
"2-S17D",0.353143922190668,-0.502209594979865,-0.580570180461803,0.069210549249811,0.364594729542119,-0.160217360128626,-0.324105034492292,0.0624467590448764,-0.182735153418566,-0.170144385846482,-0.232551257146846,-0.0652171518372489,-0.242102431670726,-0.368352823429004,0.20124305083613,0.0665707595992284,-0.00603066269655331,-0.139487997299889,-0.196826628999667,0.407633668663044
"2-S18A",0.162992592291533,-0.263843722375442,-0.843613694804394,-0.46707812784341,0.0344435393420028,0.122008445458721,-0.133821877585334,-0.133694832057764,-0.155474081061437,-0.0646262236196553,0.192141967356944,-0.0584494943550732,-0.126213442594,0.0620019824758774,-0.103164109782319,-0.0240192690596233,-0.0448650114487839,0.00126224677424555,-0.0373324070252157,-0.00487730304222002
"2-S18B",0.344290571416453,-0.431534259347451,-0.645034773141674,-0.363261928779643,-0.120509441269627,0.205103582955316,-0.299484139329543,0.0850905489105479,-0.0391563881899453,0.024495193525204,0.142996033684975,0.0262250744784866,0.0187309680234156,-0.0421396797668585,-0.162508758189467,-0.0475518211007388,0.0435393406654464,-0.00446346192798093,-0.0105304319464718,0.0624999887591498
"2-S18C",0.465791181940522,-0.440227403800192,-0.575367671468183,-0.0981316049049293,0.187461700871768,0.00530066058219309,-0.353276391342968,0.121969614100892,-0.0763562798248248,0.00230819844105016,-0.0533343457055195,-0.0405523788230237,-0.0812591040782441,-0.0678611192970743,-0.0295790375526136,-0.0354623828944809,0.0499073321992778,-0.00103917715162129,-0.0223603001525662,0.066687234923308
"2-S18D",-0.195215671540364,-0.752089201537319,-0.842515022214562,0.0117751115831369,-0.0528256318782426,0.90596593427935,0.454808995650614,0.109102385528051,-0.145829728986765,0.487502589345295,-0.148886102806851,0.0250765278374545,0.343217817345299,0.173321707933674,0.405843979505693,0.208996815177177,0.317702844017364,0.0588493848224894,-0.00674671603224039,0.0608180750994551
"2-S19A",0.552524679435274,0.108786888682384,0.433792420841804,0.0486257388778822,0.171573446222967,-0.123807140917283,0.292293260879953,0.261283731383611,-0.0441810855102792,0.114209696624335,0.0728252526497087,-0.0646919772771724,0.0377224446263867,0.0926148430811977,-0.123015328344564,0.293058318247155,-0.023703161736213,-0.182870744725436,-0.00295714121423728,-0.0266223131810629
"2-S19B",0.48656712950626,0.210139442927347,0.422548024267344,0.00397203786981932,-0.0108404289888885,-0.106593884934745,0.234122632522432,-0.0268870587128976,0.0304970043558023,0.167184966374527,0.0340341205918627,0.180099957005231,-0.227161892481721,0.0367611696072432,-0.203384298387222,0.117355775794273,-0.0179243903676393,0.203145935778718,0.105970062458291,0.259990277092131
"2-S19C",0.506898994584133,0.0908828941372685,0.363401791092089,0.241485438300658,0.124851692227793,-0.15470014987357,-0.103159530371303,-0.00361766217810237,-0.203115207676306,0.160316936891608,-0.0568464074567747,-0.0491228294041051,-0.0907657591245558,-0.127206677680208,0.0105486503414046,0.00966652345581098,0.0281839287185864,0.243611307587379,0.0121901218535447,0.00913857829075153
"3-S01d",-0.297089676213057,-0.404543881139709,-0.260111073936231,0.26643134559498,0.110696306418407,0.561910625171667,0.743823701729148,0.171632695948526,0.564455610504404,-0.449897881127544,-0.84503855833146,-0.745939296939577,0.116246901251147,0.210364415731145,-0.505337069785145,0.0985752315254389,-0.300433061687954,0.216348670952315,-0.0862240701364531,-0.112122730967715
"3-S02c",-1.03859787991965,-0.27488218312072,-0.207484453070954,-0.552861792753265,0.275502877002243,-0.284788894268726,-0.212325050188085,-0.0887241110883003,0.106225756734843,0.0134803490559613,-0.450107354483953,-0.0267800049947189,0.211784747598346,0.103339799061336,-0.199019475515493,-0.090224873879655,0.274585282724166,0.0263207640108893,0.0944305500690166,-0.0104766826277192
"3-S03a",-1.23921641351022,-0.467545654072684,0.170114968865584,-0.129622560060544,0.0983705937143023,-0.170883655980091,-0.198605367930065,0.182871659117235,0.158247190742071,0.0998941289111939,-0.0144571604144914,-0.182975758752555,-0.159032058976395,0.173708838966637,-0.0554172527508158,-0.144246394292005,0.145382157801546,-0.0453038496584796,-0.014721673178431,-0.140755492528308
"3-S03b",-1.25831029791697,-0.533072888852166,0.149979248994651,-0.185320844096647,0.137277107298941,-0.22341230866719,-0.135849343443951,0.0378631209096633,0.188450262372807,0.0639375061185283,-0.0436790785785534,-0.00295375652759594,0.00708452743110057,0.147570708331306,-0.108443807362031,-0.148219392840148,0.0393661949350218,0.00545844508682458,0.0348794406031539,-0.0386104439616613
"3-S03c",-1.24940820436615,-0.626456734312205,0.190673688327285,-0.0551225431064893,0.18385729047843,-0.161429147212084,-0.148016269149844,0.106546370220847,0.218922453731832,0.117818519015383,0.0657203956719376,-0.138858899388184,0.112424024282435,0.0808980656604361,-0.111147219055064,-0.210404003960004,0.014280142335989,-0.0828105306263555,-0.0782921694015351,-0.155327599266727
"3-S03d",-1.25730304430866,-0.603018329085763,0.146710344018554,-0.0997288747645093,0.133996572645923,-0.217206238257163,-0.131766544946695,0.0440434869894117,0.301310933018762,0.1034133746927,-0.0198569932922804,-0.0833606104299577,0.00293445940039124,0.142977944828979,0.0578442779789294,-0.193694010830659,0.113931400778924,0.0777412350443646,-0.0466375391091836,-0.204034049130252
"3-S04a",-0.771187359019348,-0.657033434306924,-0.14498376101097,0.407060448994104,0.130810139815393,0.108581391301946,0.582165758975802,0.259925779580215,0.818177101737719,-0.281191063755543,0.414875710072914,-0.399272656445478,0.0796687716642728,-0.436819062161277,0.2780112784294,0.35719874633951,0.119051241763601,-0.123169991405468,0.00905845245511942,0.130415828969907
"3-S04b",-1.2203039248724,-0.703432943230211,0.196218626910807,-0.0194402694058902,0.146616739502374,-0.132098537140935,-0.0686959127740528,-0.00762442706686472,0.288365920447803,-0.0548404698206797,0.210448249177524,-0.063030789561452,0.11184129696444,0.0785458447382822,0.137963895002039,-0.196781993444764,-0.158720395254266,-0.0135842903708603,-0.00470616184592426,0.266951566331873
"3-S04c",-1.22621427926063,-0.640427953684755,0.264189436602332,-0.054342011192254,0.178045738031575,-0.126920817224545,-0.0583006640482942,0.0490207802902462,0.312169474529058,0.0828416657620169,0.20319339034503,-0.014393129542197,-0.0793370991336052,0.0948311372528013,0.000624953530971405,0.135887328804501,-0.00688509829955436,0.139079084032931,0.130137729046706,0.0546133155765283
"3-S04d",-1.22406088859237,-0.728164081573843,0.384397280631557,-0.0453608411365716,0.0792549136226226,-0.0986106112564879,-0.0012976333983408,0.0267286171594724,0.113898575068394,-0.0334329732251425,0.0394765058346575,0.154124266087622,-0.0477668524304768,0.0376059266897298,0.0294861621996634,-0.117473045831434,-0.0134763840437453,0.161977231727006,-0.0004297546464148,-0.000471463019003253
"3-S05a",-1.10311356028565,-0.563714776030519,0.520358686200938,-0.025012214994508,-0.0112582539720945,-0.0864470537818275,-0.0174619465231319,0.00358999120566546,-0.170735755334969,-0.0278265061268603,-0.0052318448097638,0.0670848676985227,-0.0449188837894278,0.1862141284767,0.00206444854420598,0.00145291842912198,0.090607750396747,0.0827389120724392,0.0573695442470994,-0.167259246355785
"3-S05b",-1.19699360250219,-0.526722369650467,0.183094885574624,-0.0359794001076476,0.176355460183714,-0.138577978873844,-0.116936780401213,-0.224336930169226,-0.0120837785129117,-0.0411874988442819,0.158036948170392,0.00192493865005593,0.169773917959235,-0.143381294711804,-0.0549656114981913,0.0987092525841661,-0.0339098869773118,-0.0543223690713062,-0.0144003561317166,0.299374407186171
"3-S05c",-1.07034450131532,-0.474045603297485,0.320062821224157,0.0453439499258071,0.138935321999454,-0.120459083200884,-0.104046801946239,-0.235257449145757,0.0295622739400055,-0.0767290113921098,0.287890079063855,0.0850630182960754,0.144983457154933,0.053897004775803,-0.0496283038222892,0.199247740039016,-0.0923320985216459,-0.11854525031234,-0.097565020383017,0.0972529605525322
"3-S05d",-1.07805082050948,-0.560079337038586,0.360588363661621,0.121316022623165,-0.122089308123002,-0.150317988606173,-0.110488219165814,-0.36018979339421,0.0829136015515812,0.0306262673671272,0.131483294622241,-0.0308696448615163,0.0271094339968697,-0.0777425586314003,-0.046049789017509,0.0819607991467147,-0.0476916607631739,0.0176890811387022,-0.169401802924166,0.0388227765173386
"3-S06a",-1.07400500063352,-0.467371285533238,0.394994972681973,0.0200095372605539,0.037884324098224,-0.110334259520359,-0.179987793655818,-0.0418303482772046,-0.226448162111237,0.0801314282695479,-0.0248436129786043,-0.0532400299400009,0.133062967499192,-0.184109511355292,0.116189112850306,0.264679962407866,-0.164508940533084,0.181134617404157,0.0455162184297892,-0.163466446874821
"3-S06b",-0.964799615465843,-0.673870687070043,0.494139823482179,0.172087081320502,0.0476371581041224,-0.040396399368955,-0.0988849856533529,-0.101456865059167,-0.227624568213949,0.137757980570422,0.499926482759596,0.227419706157368,-0.0380855598307271,-0.275963176652033,0.223605849482292,0.181395913524439,-0.0181295121285153,0.0515278035552358,0.154580312808942,-0.028430443394479
"3-S06c",-0.969037019149397,-0.474146607027141,0.555831166032374,0.320134479130325,0.159737800445012,0.120289516539708,-0.0929859551755975,-0.212629277063556,-0.015663412017076,0.115903817522869,0.144928191321326,0.054414873494235,0.0381791728893542,-0.0322159481923095,-0.131715419960055,-0.0857762014973361,-0.0734569205417327,0.0428196319987817,0.146905085937584,0.0783049223774242
"3-S06d",-1.01064881582374,-0.554225109950595,0.578118972159783,0.150960517087028,-0.0967203848333888,0.0428594132179358,0.00980473135394855,-0.0638389785499828,-0.423631709681383,-0.0418687768799283,0.0764855575289901,-0.0322291878874758,-0.20301018288654,-0.050168106591391,-0.0829467023447871,0.130001463427484,-0.149678315507967,-0.127149329022972,0.234659799399375,-0.247797018183477
"3-S07a",0.500694769541057,-0.0337966512081094,0.245862465209936,-0.0138229031977882,0.212397019623037,-0.315492321176465,-0.0176467996716786,0.0859512210753812,0.0992959189638611,-0.000233239098019674,-0.235911590971946,-0.0704301600795504,0.00465186355193104,0.0484168153044268,0.127897151138785,-0.130171904608984,-0.0561379654089512,-0.0307904269509328,0.0196414661348813,-0.0197725560804851
"3-S07b",0.70167433635265,-0.129831393151662,0.238256279082933,0.270449466110862,0.181802087311584,-0.287184638032806,0.0785516449845765,-0.156244876582504,0.108848291257959,0.0140054953852874,-0.163193643688289,-0.126192760598934,-0.0151543703986632,-0.18703201563675,0.196353928857554,-0.0868336380570821,-0.186383236813231,-0.0451754722543162,0.0740377703003812,-0.00833700456722156
"3-S07c",0.55722553061772,-0.00759710433427943,0.441128867355549,-0.111539237937001,-0.156918236570313,-0.199473933253466,0.361199007118522,0.0456929836227307,-0.074230449998537,-0.0233341118320017,0.055928362519306,-0.0432500269768312,-0.024209883505151,0.0946960556957589,0.04192399794762,-0.0188806979253868,-0.0749411988423773,-0.117089959569416,0.151794864390675,0.051384524673916
"3-S07d",0.698171754371483,-0.156024631836029,0.322719462383199,0.372443914117646,0.139556223725731,-0.26368127988417,0.062615352402108,-0.136441426559765,0.154409015195331,0.210843409559599,-0.246006232782226,0.0160388663380472,-0.0207792869961336,0.0565368676442566,0.0119063314084092,-0.167725609347614,-0.0546688790675849,-0.0707951734473416,0.08499941629283,0.0896157774406209
"3-S08a",0.482573640059879,0.0018241215246794,-0.066573874601574,0.0166884600811438,0.283891691708306,-0.137674313614751,-0.281486260350981,-0.0465790143847688,0.0612218644774865,-0.118380173302711,0.0398901933612382,-0.0455027253863017,-0.0360898929326606,0.18168809756432,-0.00241363676006149,-0.112702879857834,-0.0791373362179109,-0.00796961137560862,0.0994425756755432,-0.0431630368750743
"3-S08b",0.152355746039488,-0.0866030466666968,-0.354885022673742,-0.518693646758269,-0.0367514546828975,-0.0304520342545233,-0.410311909383686,-0.0520739028290139,0.0180429162804932,-0.440016284351955,0.0333928741916717,0.0311796145631165,-0.0208067751794023,0.156085307311247,-0.0561066612548578,0.13142079836054,0.0301666450563713,0.0401236752100032,0.0212014606077482,-0.0934940010766449
"3-S08c",0.525893386678203,-0.0560898235909333,0.080958152031084,0.0233976840013629,0.118985552901467,-0.116903839168233,-0.227901341186134,-0.074864985141714,0.0287603184183536,-0.089382218523551,0.0826877592631458,-0.0975906533403766,-0.105575162104744,0.192511020287405,0.0803862829254312,-0.0454871271007118,-0.0632638377277691,0.111090053465584,-0.083399553377792,0.0231179454739735
"3-S08d",-0.0766572668713759,0.243146267996906,-0.377588692201565,-0.158191658989132,0.629994509698215,0.233926044531412,-0.0780897707080282,0.0536322665741974,0.420552174741107,-0.170005997545891,-0.0874263309996637,0.576793878164314,-0.313095680669651,-0.211985866920056,-0.0107862930870498,0.0926920423127656,0.148362267514071,-0.346146515361781,0.0552429415260025,-0.0291214766394924
"3-S09a",0.51652904515288,0.0993191933945529,0.350052128977344,0.27054981930027,0.352835902042576,0.0150758432922152,-0.109674723123442,0.084658308231446,-0.153925911681821,0.00106887352778059,0.0237798691423032,-0.314983928644447,0.09258506196664,0.150856578898692,0.081692756054553,0.0688707904606042,0.0358067524449495,0.128219678908702,-0.0121187049517122,-0.0871970248643709
"3-S09b",0.51324271957824,0.0631465771613043,0.378257686706965,0.325336207574795,0.399468887608245,-0.041388202131205,-0.112495529628142,0.133042678887291,-0.218927349159255,0.0425820619112486,-0.0242208197780816,-0.20071007285387,-0.020226093437519,0.0451662687988668,0.0625988910688327,0.0291001948322857,-0.0473812657784532,0.0916416418306526,-0.0973825667488368,-0.0896223771854283
"3-S09c",0.502371538695575,0.0992421666587342,0.195439220316652,0.364622029459253,0.546143899770563,0.166684520423568,-0.145841688588072,0.117136693468943,-0.0344899081038635,-0.117784928705515,0.117648585140775,-0.00622343280188468,-0.102238349834766,0.190348862071585,0.0349798126991259,-0.203576725720409,-0.0501311202540606,0.112931257287778,0.136651397880904,0.0321648484176162
"3-S09d",0.514991236594997,-0.0496339023928445,0.158894491281509,0.509189184751028,0.614848238013555,-0.00506241139272409,-0.215347213690308,0.128513106164649,-0.142495939804807,-0.151677778727833,-0.150268089454424,-0.0405680197520762,-0.179556142753839,-0.0737792525464097,0.281055912655863,0.0352976459752885,0.0337824783907438,0.0135766581937786,-0.0904699965781262,0.100117847658191
"3-S10a",0.510233824999536,0.129339746607182,0.316835581353541,0.34823386243885,0.463480535168433,0.0493697022142974,-0.144302372261401,0.0468045261109926,-0.0684322280637341,0.161555104909894,0.0576802886062727,-0.269221032474437,0.127250430239509,0.0874337256605436,0.0878378071592757,0.103731677007801,0.059525938776586,0.104945749298401,-0.0581953828486142,-0.0490167574440201
"3-S10b",0.426069962423746,0.156743807772332,0.267527658614568,0.314652901789795,0.453055738925102,0.0214032035310763,-0.2062858137255,0.108486216826545,-0.0749706404196352,0.0767400208824127,-0.108387268447394,-0.165780114919586,0.0991152450784302,0.071462856586228,0.0732106326745938,0.016827745784055,-0.00176297832799095,0.0412372041459206,0.0271776326291211,-0.0331391968247718
"3-S10c",0.419637001593267,0.0230274090329551,0.296575232866905,0.378277967063986,0.460194570407042,-0.0563141145796704,-0.206531574027993,0.111140517849868,-0.0839261558107161,0.0261485555648903,-0.151935552731265,-0.186758038823961,0.0938934133714221,0.00689416653093594,0.182955043038077,-0.0559686359760509,0.0634558597990289,0.107958312116204,-0.0367698803587625,-0.0417273093741436
"3-S10d",0.421922412551971,-0.394601987315694,-0.345223579957705,0.318004881795167,0.583237018831078,0.138793661881049,-0.288451657373987,0.199825189673914,0.200159143588382,-0.22194177915437,-0.196379315982361,0.388538552921393,-0.55060189792595,-0.236096983062276,0.0464133641235387,0.203585675893579,-0.0233174641314679,-0.317824812109464,-0.122046682232526,0.0437908425588063
"3-S11a",0.0529414180264054,0.20109037973654,0.416312317271339,0.489050341366631,0.259675502002317,0.514162511179092,0.103743257242962,-0.252461597573258,-0.200637760060087,-0.28852157212761,0.299704825845023,0.0108091329305738,0.381049513803305,0.165462576377469,-0.0872721822820844,-0.174580640382693,-0.0350397467531581,-0.219976819007203,-0.213176460580561,0.267039074047743
"3-S11b",0.305612818231257,0.0229764245250451,0.325727039632867,0.589339971838104,0.516057193663516,0.246445144005083,0.113139088327378,-0.0661274538929484,-0.162218527748142,0.0370675066633209,0.204172429626056,-0.112733066222762,0.349636506434029,0.328087582145998,-0.237378801328783,-0.109954948677661,0.0476567947231192,-0.24967694307507,-0.112216413159705,0.32792969457345
"3-S11c",-0.0617273163901416,0.344494223348897,0.352904760081669,0.567106191302866,0.28580158431155,0.53726386854895,-0.0502435134300194,-0.23784914275938,-0.211706388823173,-0.247759935519371,0.18902190507124,-0.0737352252279973,0.300665564617105,0.290608868729732,-0.00626712459993568,-0.166310066703811,-0.0704163435559574,-0.129841900873872,-0.0623598322630738,0.163486434275358
"3-S11d",-0.166368205297787,0.182180183056936,-0.801762764969845,-0.374786883043139,0.610679964226743,0.118999213464783,0.432321234041976,-0.281272848759499,-0.113941364204363,0.135662993088704,0.202679030521757,-0.0395875508241786,-0.116632518393417,0.192279396836284,0.203116390052369,-0.0219779176455584,0.083765389014822,-0.0940372527334061,-0.0182713459783295,-0.114101007347656
"3-S12a",0.722412802179174,-0.222675037490612,0.260241719239524,-0.145199164159727,-0.274812597727727,-0.181408661460719,0.185411408116437,-0.00902834901960349,0.0229681664186567,-0.17544697317959,0.0773401356386342,-0.0327801621967565,0.00740299289181951,0.0421638747670963,0.0307190337694637,0.0725945044306127,0.174361288529835,-0.239515195095526,0.172248201495214,-0.218723417189259
"3-S12b",0.686346207394101,-0.285982914486852,0.166959133157992,0.152300985568635,-0.1001043281231,-0.210388609776163,-0.0284908832247817,-0.319340632322576,0.0146019890717602,0.0445640110544609,-0.0760658393952272,0.0488384114772048,-0.0516245938779219,0.09509948128762,0.0224155356327174,-0.0771887810526449,-0.113440966814377,0.0242630173463784,0.0172335053223592,-0.147798034206375
"3-S12c",0.743919706126013,-0.39851745605106,0.196884354239076,0.145120805361619,-0.0779595285392356,-0.26371771026031,0.0522852899153207,-0.0182403000572176,-0.109838113633632,-0.0783764511588409,-0.0626190278253649,-0.128868844920156,0.0315570576261685,0.150277156341784,0.0658479999217166,-0.162490161931667,-0.0246846927682687,-0.132349592710564,0.117760009293154,-0.0330371839180782
"3-S12d",0.700013947679916,-0.458107772821171,0.0658229685781053,0.211424895044993,-0.0318904221075979,-0.290951095795867,-0.150133663075674,-0.0526627504400973,-0.0418028148292586,-0.0637181917092637,-0.131207294456509,-0.123339914441931,-0.0685079891717678,-0.095862785681343,0.110864071278795,0.034369668540178,0.0333528451173328,-0.0593381847307528,0.0214536411735177,-0.0561954472123816
"3-S13a",0.779608335610265,-0.386882733926218,0.161938875535577,0.0620345359015864,-0.125543706993941,-0.287459937930967,-0.00335458010386601,-0.113801580343684,0.0481124307119955,-0.0164504773690283,-0.0583557327262997,-0.0927604298827764,-0.0794900610416005,-0.0131084685363497,-0.0344279531894165,-0.0304682400243881,-0.0483131503862877,-0.0538780520675793,0.0339282325543313,-0.147919783159135
"3-S13b",0.557530053306761,-0.20393073738158,0.200426409818274,-0.212589877288183,-0.146202112861812,-0.250038503388082,0.146581662059509,-0.00346078211791105,0.0781529512542791,-0.022576730263415,0.0587051538325438,-0.181248161457607,-0.0106804877393948,-0.0443160840961249,0.0496392876015519,-0.0253631801882154,-0.0146747752360519,0.187227238324941,0.108699352210722,-0.137605285282564
"3-S13c",0.719896611448337,-0.517102029750712,0.0168956542039246,0.368242232004293,-0.0258673963911808,-0.105132258558561,-0.152326574205037,-0.280534484583132,-0.0115932580116043,-0.0339203720713138,-0.179633979708521,-0.00431967806984283,0.0280509902300395,-0.146777793113455,-0.0137276735524868,-0.0775639481785219,-0.0212995750422068,0.0698627813797675,0.0193785653877653,-0.0372684857103425
"3-S13d",0.655785449075252,-0.375939451406393,0.177797742556469,0.11162203029918,-0.00371646984388681,-0.340739915905631,0.0115738195677132,-0.0317335541599136,0.0376225175618155,-0.0760578354012072,-0.259788283874896,0.051748398204168,-0.106570263148736,-0.00103326629613238,0.146300569754472,-0.0476395223021221,0.0631681473906338,-0.0421729607647078,-0.19827894066347,-0.0536376498110706
"3-S14a",0.625402022455745,-0.52977740722111,-0.0971749779746452,0.00669654372740732,-0.495674443988824,0.20871757057692,-0.12153209800774,-0.103127312177243,0.0429569877455152,0.102755485007348,-0.0144685162385024,0.140490318637956,0.0423211316671532,-0.0081718291541698,-0.0976492018480814,-0.0775209898961333,-0.0296843028966611,-0.203249961369585,0.0420404930727361,0.0491643554907535
"3-S14b",0.658646496574045,-0.697658919646192,-0.109302255846122,0.0722765075945578,-0.428450771656488,0.192888956996662,-0.0557973465157145,-0.0425051177289301,-0.0410800555266113,0.12469219890669,0.0194669468317894,0.112748685576548,0.122689136666596,0.140700780897712,-0.0149373796180709,-0.0884812579452061,0.011571891486974,-0.217363340383922,0.0457056238503237,-0.0840347399175152
"3-S14c",0.677342584539432,-0.75307059840092,-0.213087767124338,0.147371647062607,-0.343144454409531,0.160108012740086,-0.127549798598136,-0.0784571818754913,-0.0285064888605995,0.166613825426902,-0.103861500916253,0.0893606106926237,0.156551647121187,0.0529473565866931,0.0998675857909473,-0.0299053258143699,-0.0399766520731427,0.0848707024330903,-0.044223722841585,-0.0944542544312643
"3-S14d",-0.164933669106939,0.289405221477713,-0.418315799990412,-0.103259859808373,0.0844207557320159,0.0911341767352951,-0.0656040763797395,-0.815458486210574,0.113126106081176,-0.130163794492261,-0.0377755580478765,0.164942459279659,-0.035740483851417,0.043422955115814,0.0184999982517412,-0.0739703960287789,0.0413264537167677,0.237551694952939,-0.000623674290425809,-0.0677320664249062
"3-S14e",0.538338166680874,-0.798115615664763,-0.282897326711977,0.146046521735015,-0.354193853690869,0.231054619326054,-0.137672822387609,-0.0810452286220028,0.107169747110379,0.273205914126134,-0.219243449740306,0.242306220913846,0.237993232764568,0.0873929326955408,0.122124742683903,-0.102834182936115,-0.0488453199630997,0.0443414092024063,-0.0784838370006495,-0.0997119971013834
"3-S14f",0.587424625357459,-0.65852751279288,-0.110679011197026,-0.140476017602265,-0.580681165530267,0.198581864935963,-0.0261028044508363,-0.0849063965137668,-0.0138751834430952,-0.0259837917691551,0.0936365674740039,0.121518142424263,0.0476605644844926,-0.0506238012516617,-0.0682498918936957,0.00121794702615218,-0.0959454968979782,-0.191913947472593,0.00810329564074337,0.0700417649709014
"3-S14g",0.662764486636653,-0.667462799309067,-0.177552886216352,0.242026980604519,-0.262329676445645,0.189100801261542,-0.177985808838896,-0.188204134582932,-0.0142719974207058,0.126021984473215,-0.11411656608112,0.136192293213361,0.0887952597227324,0.116608001216077,0.0572711222652917,-0.116860951045136,-0.0117208856246119,0.00142847977238575,-0.0256095470593895,-0.0348867396821678
"3-S14h",-0.13157897841446,0.271894901934922,-0.188370849225433,-0.0146698208631287,-0.0760577777518755,0.146855445121393,-0.162487259914347,-0.74939646815018,0.358530753864067,-0.310197242384292,-0.121249665360021,0.247725446294019,-0.020170154217735,0.05367510050567,0.0687264655631619,-0.0550772473062885,0.0160981062262169,0.270765344092415,-0.100893314447297,-0.101056761746082
"3-S15a",0.741854003939522,-0.361293897798221,0.0605688952673672,-0.0222721257490768,-0.10835005241959,-0.258381968499634,-0.00969372678680405,-0.0202144966573507,-0.0428076039181351,-0.0939605648238642,0.0606989892497294,0.00240366605495244,-0.0477334520221661,0.00734837377235987,-0.156871004626818,0.324695423539925,-0.137372768576152,-0.0964521633336101,0.147066220954769,-0.0910964057105602
"3-S15b",0.712492266632625,-0.289769106059299,0.109042899537287,-0.0536818675209867,-0.237535452554018,-0.0905824867336074,0.00287647393243566,-0.186605404699156,-0.0257842558178034,-0.167256277849238,0.119280854574085,0.0433039842038169,-0.0682312384308427,-0.00968091850612672,-0.088001121511264,0.153427831842276,-0.0646504439616389,0.147965494471794,0.068679664536536,-0.00997236887200033
"3-S15c",0.614278716683888,-0.220094526828533,0.206173079706455,-0.0370384258425566,-0.291934575995899,-0.137728451160357,0.15713673702889,-0.323060451914298,0.00796616365558413,-0.111291651789409,0.243289697562268,0.0869106039650447,0.149961398819604,-0.179963983225794,-0.15188947097896,0.129503408548491,-0.0916393638694174,0.174779902332679,-0.229712696953897,0.0192102949683816
"3-S15d",0.798632352370245,-0.374987422191807,0.103782071526836,-0.0427793750284987,-0.200849407915244,-0.1977349358308,0.0451705715007227,-0.0844257239376027,-0.00183138169186645,0.0206190817407324,0.117453879203874,-0.0885145385179023,-0.0420900204774251,-0.0959898302660678,-0.0992285884829731,0.131395157262479,0.0338841546937821,-0.0741509368794632,0.0791730938010499,-0.0469431570861401
"3-S16a",0.558449913770576,-0.0963213188359101,0.377479309259659,-0.17886754596024,-0.323026147033107,-0.165281723457044,0.371420347114565,-0.187261964803709,0.0317764689219249,-0.147739557425609,0.224630742579162,0.00239459854740963,-0.0204889032885732,-0.0513340123700093,0.0995536213876021,0.0955886613300692,0.0387302566521707,-0.135503306049542,-0.148412051906778,0.14188630785787
"3-S16b",0.54120649611465,-0.190473618696644,0.260429100247497,-0.124610434344262,-0.263924046829331,-0.158300094392522,0.320066315002451,0.0781750228536857,-0.0494007686316633,-0.314981879165245,0.139259028887565,-0.0130764725645966,-0.0323347474487144,0.123366253383441,-0.272015513572819,-0.0437949482050725,0.392764825823334,-0.259880104772155,-0.0658529210535002,0.0992892793821049
"3-S16c",0.522002763159744,-0.0777042852777595,0.299179695071205,-0.0409048204485128,-0.319739049547326,-0.0275897121652984,0.272110282894457,-0.514630912333506,0.194399030826775,-0.278872994786124,0.0334046353225689,0.190719418862543,-0.0391474670417925,0.0703755362481751,0.0165625259120983,0.0741181871312276,-0.0776456592611002,0.0857401657740974,-0.0981908792623004,0.060418692959408
"3-S16d",0.566371215196202,-0.192763566984824,0.387185281854805,-0.107359304216453,-0.29341595522551,-0.260167008643293,0.326609804307188,-0.260655943413209,-0.0173348979855926,-0.0421512433392858,-0.0216501100333793,0.00389273342866324,0.0718434202627009,-0.0467578776618878,0.0136503710426484,0.0526941110794438,0.0312034467570719,-0.0455119717780855,-0.166901137249889,-0.0373198351513326
"3-S17A",0.377248866890024,0.163528481661236,0.310987838883064,0.0337258966344108,-0.0363588037365745,0.247409802902167,0.241645828399915,-0.470962096946182,0.197869694333192,-0.0151038465504398,0.10573021478164,0.292679634349989,0.00589733639822107,-0.26646854917207,-0.229412518955706,-0.298239050456396,0.0023971348163104,0.166840661816013,-0.00825194197725399,-0.000680280093337144
"3-S17b",-0.10620016309024,0.360098656138984,0.337800509656572,-0.483374764918091,0.0886660210426175,0.185677510208403,0.138549495956649,0.25906849114168,-0.0142405259036273,-0.038526360385591,-0.189455060337013,0.147411409197753,0.201773305175353,0.0901445972039581,0.125018721940896,-0.0882093424825429,0.0615802895151113,-0.288185717108942,-0.227764066152026,-0.00637594074630969
"3-S17c",0.199221827025254,0.383900587212545,0.286125165095896,-0.210570499198985,0.0657802216625449,-0.0196296391881904,-0.00607768900478954,0.0545315057532625,0.217358638256343,0.119027818197405,0.131409804191568,0.145830042729652,0.0483126264946296,0.105741569905417,-0.209505272478532,-0.113363176984725,0.17373943978173,-0.08942319391618,-0.215072288885872,0.110899004787557
"3-S17d",0.272686210343398,0.254613761621679,0.357666986167026,-0.104931858953413,0.0279590590128152,-0.113625985173395,0.210816730717319,0.295164752686708,0.0857238507211225,0.0694688739162848,-0.131266063701886,0.0662046523131296,-0.137147733822049,0.333937301040758,-0.120658298089608,0.123690644260463,0.239291630141071,0.154385022715934,-0.00863320227720235,-0.0757003461288005
"3-S18a",0.173476618057918,0.227291633135604,0.102032747757593,-0.402239613121548,0.0548788097513626,-0.20577420045426,0.0357811616623631,0.0255886537640179,0.0288100073691272,-0.079130752140696,-0.0308381732186983,0.195090729752981,0.149982731300317,0.105419037604053,-0.0731211802870341,0.253512666958636,-0.024303197767772,-0.025992264426048,-0.0341483561496705,0.0400631620292059
"3-S18b",0.0565058429014559,0.371266521748747,0.320436909463661,-0.361658669070746,0.0654959323197405,0.29598758347576,0.215203076082864,0.219586787168409,0.0415874912219929,-0.375500364100436,0.00675368233944119,0.2314721459268,-0.199554900147187,0.0795256234953058,0.090716489353247,0.075344273881001,-0.0909402452306809,0.18037287523751,-0.22862815620197,0.100866978623254
"3-S18c",0.138190551519841,0.178741467357105,0.210821204557844,-0.524957461360286,0.0139888319036437,-0.255024478597146,0.123272791578009,0.181806180886549,0.0956729236412238,0.0571300080517423,-0.12032018589643,0.0744011810027482,0.229366301811306,-0.248581591777256,-0.141721594658453,0.00387546222969362,0.166913860073852,0.199051338175526,0.173567972802277,0.160109260029557
"3-S18d",0.323558417601488,0.0819190077162422,-0.351568020842263,-0.348731318501698,0.337512510735725,-0.340927026066157,0.0351932369591389,-0.153380699142951,-0.0843341166629296,0.101380003195474,-0.009704170246375,-0.07501165641473,0.0659335546614192,0.087315741443692,-0.167033354774731,-0.0751378603360764,-0.102775571678613,0.146898810808438,-0.0136332234218922,0.0364435406173905
"3-S19a",-0.169308467481952,0.381435597237695,0.36995692340299,-0.371350689263202,0.0588612971728335,0.26198251058701,-0.0164856728526518,0.246131133139903,-0.242079460170615,-0.209912340298869,0.0949876794940687,0.107723605121396,0.166697028497245,0.122143486186788,0.197013194746426,0.0206745337991501,-0.122378897714656,-0.0463077189844173,-0.190253075466132,-0.194801828316179
"3-S19b",-0.0873864892592562,0.323449248080094,0.247623158889306,-0.433480944451534,0.157371718047836,0.141651422348488,0.0421975378258669,0.0991756697070076,0.116973247360085,-0.0364103485556186,-0.168569647548487,0.289365593298223,0.300007026040217,0.14063626753759,0.164593412797218,0.0171514414224681,-0.159776831764557,0.229854426356912,-0.405751275872007,0.150843152128421
"3-S19c",-0.0521800277504916,0.307519734895659,0.280774060109143,-0.346133591218402,0.0843739397580065,0.302027762725243,0.0164410969974687,0.275089276187173,-0.0248357649167334,0.100333318200462,-0.0804730703041051,0.175149902633741,-0.0223609427759145,-0.366878817220177,0.183415008750243,0.290827035230568,-0.391205567284779,0.168387614511844,-0.139662094032476,-0.0666584829958916
"3-S19d",0.17319178584286,0.236311235209816,-0.1523738193298,-0.17628947674476,0.514332340031601,-0.106438363564516,-0.053781723033455,-0.11436697999578,-0.136382963724232,0.0287093379321304,0.0742416796852354,0.0854259254539719,0.0459774124297424,0.0585626307495882,-0.0596865982784165,-0.00444251646380098,0.015372721248664,0.160893639488004,0.0364595237820839,-0.0493811657930802
"3-S20a",0.264723272044423,-0.0108709074012087,-0.307395480822084,0.0186213217933831,0.610415237525486,-0.208845786815452,-0.264041501063338,0.0756908872544117,-0.139913100060279,-0.159814132822279,-0.210299901549495,0.127683263976514,-0.185514275864007,-0.182810840026489,0.166999143631086,0.0748319664473372,-0.116858394442738,-0.0235327382248176,-0.196669488840801,0.134385247000538
"3-S20b",0.179795713838622,0.253206473975642,0.330289978977737,-0.304182129662196,0.244945602099165,-0.000989551586836573,0.0697032763477443,0.20432125973002,0.0832110354395111,0.152673687274286,0.110708405366735,0.156923064146109,0.0385484362818802,-0.121177519642016,0.0852355147682418,0.0896869381041014,0.16871761350448,0.0490699214898744,-0.203265544685217,-0.349769342180857
"3-S20c",0.131315386470831,0.230661431922915,0.152735380404393,-0.434278525277154,0.0325198391547417,-0.0723057785939049,-0.0164938015701098,0.138027995503367,0.160756860641413,-0.146076509393613,0.17517919386615,0.129337200485209,0.0795541879598101,0.0813088431541856,-0.0134066247941772,0.00478316251604353,-0.332276711727214,-0.185541454290143,-0.147723188674889,-0.0969752661694047
"3-S20d",0.0900569263890279,0.376035601750367,-0.295259467017797,-0.430777726038265,0.453994749353737,-0.0216495705621642,-0.00744120768049266,0.0825080706907295,0.0418568444110896,-0.0393264120738624,0.146788813290399,0.1495935254542,0.00922800706252125,0.00798452278269828,-0.156096479756415,0.113703605679612,0.13614117750449,0.0347111997563221,-0.128055463673566,0.010631403011907
"3-S21a",-0.0666475981505351,0.263022945853166,0.266836677218067,-0.475282459044053,-0.00125985323291345,0.0663984696533009,-0.0549270615169774,0.125405556520369,0.0332335670623602,-0.191244242015037,0.0267315973510993,0.135657587024162,0.0980076400724949,-0.247314299207056,0.100600874574117,-0.282825381824847,-0.0612842263386303,0.0846198580062793,-0.19361000835286,-0.460580381408699
"3-S21b",0.406580103246496,0.0270663082302655,0.126595046778974,-0.162157778856296,0.116634604287112,0.0587111429154084,0.0122566664089409,0.523712063640616,-0.012095111558787,0.173659995576709,0.259120747092707,-0.0423234394164468,-0.199501568875801,0.0738321234247169,-0.271142912775262,-0.051619506649951,-0.495086737744071,0.357187470927762,-0.0775111171105419,0.0913421008224405
"3-S21c",0.327759208400806,0.271253924765059,0.326059727807866,-0.100387733583079,0.184182169914598,-0.0383579753428772,-0.0112506191617255,0.240157211480073,-0.0251468024360806,0.145296109715271,0.136847408497751,0.0408507852947526,0.138468641733979,-0.0295153630953117,-0.211823589680742,0.0898792994179632,-0.0920306784213867,0.0901013268086376,-0.00571209369383114,-0.138689291746682
"3-S21d",0.159181764780063,0.289156440435779,0.302990765482885,-0.3775772003721,0.0245272893315831,-0.0586989454596161,0.0193029924439361,0.257259373329032,0.16280741786382,0.25170623657688,0.133848673479639,0.144534772322958,0.202994528592072,-0.0454415241951373,0.0388022617901108,-0.1200381459421,-0.0977953567978342,-0.00593632826984989,0.116169813816228,0.0177777262621816
