"","MDS1","MDS2","MDS3","MDS4","MDS5","MDS6","MDS7","MDS8","MDS9","MDS10","MDS11","MDS12","MDS13","MDS14","MDS15","MDS16","MDS17","MDS18","MDS19","MDS20"
"1-S01A",-0.0315016236105862,0.327152885320956,-0.553678654485686,-0.118836322673146,-0.194901933095324,0.274766247987372,0.130579668800185,0.200343339392748,0.175456396017383,0.120204350700886,-0.118216571797122,-0.204315227194252,0.0926479726953231,0.133346095685927,-0.0410413376977947,-0.0118686506405864,0.0502334766618165,-0.0157701950371939,-0.0547440623968161,0.0804394774722321
"1-S01B",-0.0481612934522312,0.209135132327057,-0.499858395683225,-0.064986122534718,-0.266869987811667,0.383167845789908,0.179962648500325,0.216590758977791,0.18183693775124,0.142053066795445,-0.055767107786815,-0.317782906808247,0.123120764310574,0.186850734530512,-0.0364712647611947,0.00507768312936228,0.132325194452039,-0.0678010470411017,-0.0230728198008884,-0.0278129821020793
"1-S01C",-0.0711707687308401,0.332733075309523,-0.488287012616317,-0.185821279521651,-0.140030850257179,0.289579778608035,0.175753038802665,0.243288607492368,0.157841079314601,0.0903247001028581,-0.107740172684477,-0.198205782699461,0.0385189870500566,0.0671131574023899,-0.0828961062529282,-0.0680595568968133,0.0598037016598337,-0.0594681722029976,-0.00771757696634167,-0.0916001123017383
"1-S01D",-0.223747463301134,0.419526687692715,-0.569445910063536,-0.389599167463494,-0.0990092845819153,0.22363203737135,0.161714223690248,0.247803589610255,0.140373969106623,-0.101695134886065,0.0887805924221884,-0.244047439019029,0.10945747463884,0.109517297360019,0.0989351811949149,-0.0249112521667504,0.00221260907733869,0.0115986343696963,0.0369902768040087,0.000723606297295267
"1-S02A",-0.207097976861263,0.602949952363603,-0.293843446700816,0.215171059185206,0.329159599955394,0.0173171597904107,-0.0710510635889431,-0.258062052379206,-0.21669305245366,-0.228127989870453,-0.125269101277527,0.079767446204297,0.189434999953169,0.0246381767691764,-0.111179668967253,0.41361935734827,0.149555213588284,0.294965130311115,-0.174260357062843,0.18370173025065
"1-S02B",-0.153325493502057,0.623753898175445,-0.273907399774052,-0.0403684206304987,0.191390866522637,0.00612534784331972,0.075402588205171,-0.0694930943324012,-0.218913008247518,-0.201054620579388,-0.0572618706473971,0.0358520421577708,0.0774283573857054,-0.0505328636228625,0.0280107551187079,0.277084639015071,0.101317338011269,0.246574713049031,-0.162457825872196,0.163880786673774
"1-S02C",0.0186499426014635,0.513943458465505,-0.158693534780005,0.00571305832558351,0.169351279166559,0.175191173887715,0.0305649532134649,-0.142909435363719,-0.222499007633168,-0.177129899170159,-0.16206114950122,0.00550532175824357,0.0210346074933105,0.0178503462178468,-0.0733058865050143,0.349647990568392,0.180758244091276,0.295727942782874,-0.223578782149098,0.0738058151043283
"1-S02D",-0.222196603383925,0.62824478208998,-0.175940171290896,-0.0256385755817354,0.339115797643945,-0.0815598415927036,-0.00782980083488001,-0.106837989433823,-0.212541572441409,-0.247007358951535,-0.0254063629230386,0.0820922124459956,0.108443288478834,0.0768283128269446,-0.016452546598301,0.411207682843456,0.254453850544718,0.199337708005434,-0.186197810742461,0.147552236421046
"1-S03A",-0.0769756082608442,0.511253321462626,-0.00183035574709775,-0.188330271243146,0.305453576302566,0.232346499831586,-0.0929417148210074,-0.200283859321764,-0.122749547728103,0.0212752194898926,0.00415004023690889,-0.18382629172479,0.291269238116568,0.137177343254515,0.0296280809226814,0.152114672341061,-0.205289372360826,-0.0612891289103138,0.0684107262549776,-0.127088235098767
"1-S03B",-0.235671423781499,0.622931857726302,-0.214946497635264,0.00824484240724092,0.427074727566935,0.195542749210064,-0.111647970674573,-0.320423857225995,-0.162499213512016,-0.14935526451188,-0.111049734324058,-0.0853673840103019,0.285019031746743,0.115879461347919,0.007738314488532,0.110762003302346,-0.210422888310279,-0.0628270804529321,0.0446908305682619,0.0892510162561574
"1-S03C",-0.155238731737962,0.529754854169087,-0.34416875708404,0.245222166311697,0.370843187214113,0.351560520181803,0.0439624774083232,-0.177782223603523,-0.290767249416561,-0.12977783949333,-0.165853296522434,-0.0297462413431395,0.0395778770353423,-0.0215091590479256,0.0580497010474874,0.0550039407610629,-0.241926420596609,-0.0530393420563832,0.147528395022623,-0.130583602354693
"1-S03D",-0.113406551377024,0.517033566151752,-0.192525976668392,-0.149988256373826,0.366767845020012,0.255203275024464,0.025352319461089,-0.15152001429954,-0.196078539833849,-0.112918695086938,-0.0852765927330183,-0.161321427985233,0.186109796964773,0.103181275022222,0.0267686844561273,0.212576617686524,-0.087763533449695,-0.124763571992424,0.0625421719760194,-0.198804123740968
"1-S04A",-0.309338600657437,0.626099611989717,-0.160223131700423,-0.148615585669118,-0.101664843313079,-0.239763021620766,0.143366618696026,0.107723089710084,-0.0205301962289249,0.098634998351523,0.0848224789627667,-0.245541426606049,-0.0260005403863073,0.000716371256852566,0.0990064378735668,-0.127043951799411,-0.0706880221029386,0.0761839891563579,0.0634338917891454,-0.0961357365662131
"1-S04B",-0.32495151079792,0.544927901369034,-0.0396417555220642,-0.36114372240982,-0.0311318844619403,-0.0877527576212425,0.126629989578125,-0.0294287766358756,-0.126568837862776,0.0852187047228348,0.37125817698068,-0.136157339258177,0.100345907153023,-0.24552357117139,0.21296177401504,-0.147433018250605,0.00362763752304663,-0.0944290642909313,0.112230743925046,0.00883734256793323
"1-S04C",-0.287103091459929,0.575221859890476,-0.0719450786487648,-0.366379493342818,-0.091457634191664,-0.112644170023691,0.102173426812903,0.0388592911964969,0.0244500844212499,0.0736975849269111,0.377796154455945,-0.0469216232021301,0.0101076997793352,-0.12928019934077,0.20145852563673,-0.101102291107908,-0.115837937442525,0.145056738171016,-0.126380016391375,-0.0631711464926831
"1-S04D",0.0191291366322591,0.440667554830518,0.00722917732606737,-0.234313507210836,-0.201775603264372,0.031929042673182,0.102594406159356,-0.00439995705860574,-0.0894701874173561,0.155781945478223,0.109129294959362,-0.221319690950656,0.051248888480905,-0.121396226026861,0.157342564777597,-0.23367829242835,-0.0922330422284455,0.0361841489211201,-0.163332844950742,-0.199114952002094
"1-S05A",-0.384069776278838,0.730439130944778,-0.190547825917314,0.10849081831746,0.0790850438204505,-0.241504920425289,0.0613670968192978,-0.0720813405280955,-0.289972888206079,0.0894612731090279,0.0776212408724009,-0.0589351061163226,-0.090742464214427,0.0201368776904643,0.0297242843913889,-0.200259713440544,0.300652567796147,-0.0380000742855216,-0.0725411062675146,-0.211351630170549
"1-S05B",-0.445875697226961,0.695295053561216,-0.160911902865686,0.128080884743381,0.110558854405797,-0.306475070230153,0.041570847836348,-0.0480285051653864,-0.42618075821138,0.120303670057399,0.0809440455008275,-0.103440666255642,-0.0407524737052663,0.0277045195342867,0.0259851349386355,-0.171833599718001,0.222335358052876,-0.180461525930392,-0.0549740032392291,-0.237435110249641
"1-S05C",-0.400159693597223,0.702744671157003,-0.22134226236865,0.0596693048738577,0.0971808361813463,-0.184850384143633,0.0111684971289753,-0.13767754039984,-0.333818037891682,0.110375037438773,0.24046056662658,0.0828546922847387,0.00898656069848401,0.0507231938400358,-0.0123007055964567,-0.125195483851931,0.307410218075829,-0.124155874049308,-0.0084865178677651,-0.282925195813162
"1-S05D",-0.349204116816535,0.725873655901945,-0.198830127878082,0.115419113281752,0.133575250857388,-0.201979440179796,0.0513056531766522,-0.0939590003787862,-0.31811861324382,0.0687469004935553,0.168332072859054,0.0928447773873804,-0.0793440424746504,0.0551741320303057,0.0698701029134309,-0.0918808435708236,0.160192245605596,-0.0973101817981256,-0.00187306689115974,-0.325027743677069
"1-S06A",-0.409790804852416,0.531558625158349,0.262959188639674,-0.0337221588648183,0.093320759618699,-0.316364201596578,-0.0927595231905399,-0.13185413306687,0.0166949903149643,0.32339274645536,0.103253711641796,-0.118975942787435,-0.0219523653227642,-0.218416657233674,-0.0957316272052387,-0.0396041491849665,-0.139260467312167,0.144275805974719,0.32026903944236,-0.131936327648765
"1-S06B",-0.517485003798705,0.304793869493094,-1.05495887878928,0.263016199475411,-0.0696538812246527,0.452884139871296,-0.116950707526043,0.255965665529135,0.297668367337638,0.00384496754195457,-0.124149207533936,-0.0745192863769271,0.000300666262149203,-0.0286996354460794,0.0227449404005085,-0.10924506685825,0.166735689345029,-0.156484909617382,0.0746342352056453,0.124428752574175
"1-S06C",-0.405457540977876,0.544841940768196,-0.0226923064899443,-0.186174459375552,0.125599868237506,0.057959286617795,0.145857981421194,-0.0589315083570865,0.0438750796094602,0.0961142649931831,0.212200377372174,-0.157698724565147,-0.090229032246762,-0.0775942581653562,0.00266392540691922,-0.295051386688295,-0.159448584039751,0.205240928704887,0.240863309753739,0.0746398124057903
"1-S06D",-0.484149405994646,0.342800479915292,-0.957625288204567,0.29376825716217,-0.0334403114474739,0.499485815631622,-0.114013830910281,0.256323352284789,0.311904880873988,0.0748711524303654,-0.130261532974351,-0.110601492791289,-0.0450003610731462,-0.1185113588481,0.0378240770913786,-0.0849837009875999,0.0388420251237577,-0.0213707001867914,0.0716438808108724,0.212218610143864
"1-S07A",-0.182424669910833,0.529221154430911,0.151500284648978,0.112784218484676,0.404218165347424,-0.183399177860442,-0.026885500429981,0.27338400639946,-0.156831843533235,0.185280350151606,0.0483184468509015,-0.0191358218146251,-0.0757535054446255,0.0308824940584743,-0.0768970412232355,0.00376434212732478,-0.163452661527317,-0.00906369447785285,0.0340988007698767,0.111947712965055
"1-S07B",-0.117764152974047,0.387374168800498,0.161499991355522,0.0927810947070133,0.493027880440396,0.123230555255807,-0.0151452250384066,0.202631861164913,-0.11684151834578,0.213383850809905,0.00877848750392212,-0.111465148876946,0.0329236389501984,0.0151758361872737,-0.293149383563253,-0.10028853695139,-0.200552585989148,-0.0851828823644929,-0.0422578269468705,0.12265450976389
"1-S07C",-0.447000569862171,0.463774487127313,0.129688459012362,0.253948896211361,0.480246100910155,-0.150649323520496,-0.18208024616593,0.0803464518005725,-0.125646192132239,0.31726590395067,0.293666600511198,-0.102788774072614,0.228104827164132,0.197512808427469,-0.277544678528244,-0.144778536708247,-0.308352129338625,0.0421182066520921,0.160854936312988,0.0149291285555255
"1-S07D",-0.406900812724155,0.637315894466341,0.0836891866207669,0.241289985963152,0.450791989601896,-0.104980913306249,-0.112562821333212,-0.0974609306906025,0.011441619597621,0.270457104785614,0.0840223504316389,-0.208850330370501,0.221764554296352,-0.00671076846499122,-0.180139114344621,-0.0469999918617503,-0.0296956659110164,0.120760326590743,0.0733279516709249,0.0475922529911241
"1-S08A",-0.128832337650356,0.212742051837348,-0.479470969831975,0.699887981139688,0.056633076255916,0.363851886636722,0.34868296387138,-0.210094307893161,0.1423649137665,-0.0810119881319868,0.0333380469693415,0.147488813761008,-0.138858569405755,-0.142174769122975,0.0125278447006713,-0.00803308151502086,-0.0697591038370173,0.0488182099986733,0.00551550679159472,0.00512865678824435
"1-S08B",-0.303836825413209,0.212536578929809,-0.600222633392753,0.707696006617152,0.127946591655076,0.488304796609535,0.119718615523793,0.020319108104557,0.201898364161567,-0.104493123937916,-0.126682630885543,0.202988743759536,-0.305111131042714,-0.285724489882093,0.0891498505668771,-0.292000899186044,-0.019887683468845,0.0563173876374181,-0.0357799757686148,-0.0646233102201495
"1-S08C",-0.32466751948005,0.377969922753134,-0.485227233308105,0.535191942154309,0.275983936733986,0.447970963142236,0.141524123779186,-0.211156465393037,0.0825216354459775,-0.111296691831285,-0.139930790792475,0.162730326757375,-0.268559527488873,-0.179470880475527,0.0136475268340284,-0.211116232524689,-0.0325826935292879,0.027811290395048,0.0229857219483227,-0.133490531705992
"1-S08D",-0.213567212215233,0.0951146473455453,-0.536754154229057,0.90062395773813,0.0686987758183017,0.365395169192414,0.275044131319511,-0.131730044586732,0.126280012734106,-0.0952308764167086,-0.0145573187828326,0.101856681038064,-0.298674529075214,-0.203928085181542,0.0771949501388613,-0.155066498772436,-0.0832740343862768,0.0121468516051241,0.097973920344229,-0.0721863030912879
"1-S09A",-0.574085058225098,0.39889107974414,-0.116636348159009,0.213892201160588,0.452241658139358,0.328426625522894,-0.00987550185704811,-0.263493199887826,0.505683556203158,-0.109629965696658,-0.0163932111443323,0.110380949425011,-0.130237570107181,0.212914030605992,0.0837935458338383,0.269326732608398,-0.051665999087376,0.0518548590887466,-0.03308367600744,0.159741886693911
"1-S09B",-0.65711474850589,0.395001292133367,-0.188492970971938,0.334959075711128,0.544612903630607,0.32394986183649,0.0130968318609843,-0.287599403689036,0.381531925084686,-0.0799214753606003,-0.00294679050683834,-0.0854339959963525,0.0177845971360825,0.217675399117777,-0.097743300389229,-0.0348613313797093,0.0289974625725354,-0.15068451241731,-0.0662813463167033,0.138110659217825
"1-S09C",-0.571669286934078,0.196691106985337,-0.664583506985681,0.622021425853874,0.307187241354619,0.563427803190714,0.0233025895307819,-0.181978419805549,0.237376798376132,-0.254295596868934,-0.080300435955692,0.32373459010647,-0.338860167690513,-0.198388744175752,0.0227695487965435,-0.1363011304824,-0.0435257111356202,0.0351009945200077,0.0374877444197201,0.0700980318519013
"1-S09D",-0.668604654382877,0.405769928396685,0.14267611675591,-0.0160301908232699,0.387040139549166,0.00791390736776787,-0.0510827868805744,-0.211827985794284,0.281007243683042,0.0295719049633596,0.12562400184752,-0.0929756121461519,-0.0745258884680378,0.395855111552041,-0.222074858721134,0.0704267734861311,0.123499727009276,-0.214311927291504,0.115593228921391,0.153819802339441
"1-S10A",-0.627094627584702,-0.359423282052272,0.359970979476842,0.0257490171296571,0.102472009886104,-0.177019503808692,-0.334547193642242,0.176985841983916,0.727275052607995,0.000826765072742201,0.452194224093744,0.451757401384991,-0.195877804882191,0.270527108468802,-0.240590524144559,0.0036632601741184,0.570067163720386,0.162644521742219,0.0169061822312889,-0.345996512710636
"1-S10B",-0.701203236930093,-0.201534517278765,0.299542464890428,0.0406304065371767,0.262242407217167,-0.0749993895530304,-0.08384577490614,0.148124846483003,0.409314088927681,0.303461486702177,0.21169945337299,0.332381099082426,0.102349068569713,0.41853497544555,-0.165209560716804,0.085688291480691,-0.610884492009954,-0.0285358979275173,-0.466073676700661,0.0546483208310728
"1-S10C",-0.839232395423937,-0.0842124145737756,0.473218531382183,-0.17353776411899,0.271997514812381,-0.0239412070333863,0.0799834912608991,-0.149627371964823,0.378383338782432,0.0540826300916679,0.302637526211958,-0.167195143060454,0.0306887759553673,0.0914159143662057,-0.0438278638964859,0.0978609181642116,-0.119570575161707,-0.233929903543139,-0.211793941961428,-0.102894488044243
"1-S10D",-0.941072925428948,-0.0739067369863048,0.418110581575486,-0.256849978234488,0.208253857212513,0.0739753322483137,0.137081563679811,-0.125389022218289,0.299241932518746,0.0505235986514474,0.0499561711534008,-0.0224486870535291,0.0124851186984683,-0.0185847990335551,-0.14961866641931,0.0971368813623526,-0.0514678940586034,-0.115085483426818,0.165962040202221,-0.0874754672175415
"1-S11A",0.299658447628081,0.29609765651903,0.209953628338326,0.227665654864653,0.211615563236245,-0.218629526302761,-0.0132866073271933,0.335550913515675,-0.191945897673701,0.190496222562755,-0.0410363197799984,-0.010764347439458,0.162818516948665,-0.0474276437172275,0.146813197645533,-0.0881666815179686,0.137593679590001,-0.230234399801298,-0.251140050878222,0.23783722902241
"1-S11B",0.1463539653411,0.517377371019333,0.21758713526909,0.192359710462354,0.282131284490504,-0.238594172629408,-0.126007692081134,0.164284904244741,-0.273980226262999,0.110627369523288,-0.0821924923098362,-0.0656425911771214,0.224357500103983,-0.0856448340906079,0.0108132551034323,-0.13599486776913,0.0878761639465279,-0.158957036729354,-0.0152293208558722,-0.08675242051459
"1-S11C",0.0807319215877177,0.568112320761191,0.165648459812787,0.129720353365358,0.275135632367048,-0.336510093673174,-0.104615588034457,0.160001278022947,-0.135492565505377,-0.0302633050029884,-0.0625450712181926,0.0132043841398124,0.24414445585477,0.0930407275751897,0.0957729420602917,0.114005683835245,0.076718240947865,-0.251741939028296,-0.170869394981373,-0.0821633768497394
"1-S11D",0.177292580959058,0.464524702805338,0.24836925173864,0.143612674945879,0.270886649672905,-0.19652352665203,-0.0927791413760407,0.224537946691978,-0.143894505932127,0.151922836251133,-0.23897522853839,0.0526510869339306,0.224569008653214,-0.117164738387616,0.012251563048608,-0.0240405760627346,-0.0243153248421836,-0.071361402719249,-0.231542442044554,-0.118559705051501
"2-S12A",-0.0273366072357022,0.136098393335247,0.432650207033315,-0.242694420811535,0.11350053597351,-0.129520312431968,-0.390664860687483,-0.0958732918587876,0.54966911788411,-0.233237971249323,0.213004335919959,0.0802581896463392,0.253097832387653,-0.434673595953482,0.332748096910656,-0.0881976263227505,-0.240580568813119,0.193280824951213,-0.145600237854567,0.00672890695615293
"2-S12B",0.244522121122065,0.272298005871389,0.439383815141664,-0.0926495171391526,-0.0209804075733928,0.0281712801130515,-0.0718791540726625,-0.034769660356339,0.0549058094633455,0.178450802489066,0.0121332832967115,0.125802831031756,-0.0873304361948259,-0.055714889108963,0.187322899891,-0.109659687650504,-0.299978323456851,0.233240803389474,-0.33901324871084,-0.0478904578432618
"2-S12C",0.331776467720794,-0.01677106189484,0.212746833375007,0.000215872506028992,-0.209253545196236,0.21963670789891,0.378798531998833,-0.0517151392847532,-0.00629271504494307,0.111157268345154,0.222626362692877,-0.0413409952855692,-0.0531319815290561,-0.092922648252462,0.11421648759658,0.13479881024398,0.0299230225737149,0.000272104812308565,0.178744170583792,-0.0428667192964114
"2-S13A",0.387602250636491,-0.682615479250772,-0.55373791888389,-0.147660434180033,0.194265436300264,-0.275694154241792,-0.0510070767537455,-0.440469762451021,0.0873862686747971,0.18292173511515,-0.0771830648604876,-0.145840539623446,0.184291423762124,-0.0946014581956893,0.0241470693731904,-0.282060669741772,0.0739424490257777,0.0604380244277008,-0.492820678176842,-0.0681905413039036
"2-S13B",-0.0403710736143283,-0.292147495563112,-0.788025242810796,-0.358117347737352,-0.273321657892533,-0.238136674026784,-0.0619677305254886,-0.0604579844822286,0.0603867292552589,-0.532949568779125,-0.0365457910828865,0.211340422264757,0.297584647214411,0.238565993812055,-0.00709263684810722,-0.309816384272736,-0.33437519331166,0.469916966855305,0.148162610851405,-0.142351326575972
"2-S13C",0.0535042659894435,-0.768221248509432,-0.806232367976944,-0.220422530785386,0.424679569908657,-0.453993488406739,-0.409548982727412,-0.411606013593081,-0.00959341451786961,0.345019802172284,-0.0613171673979582,0.000415485541939431,-0.329053890458758,-0.168842567907896,0.2034470701277,0.112978935352044,0.0581299852081415,0.0723471870379289,0.0296224018220133,0.10790026505788
"2-S13D",0.231224985555499,0.0242274600757409,0.359065070805501,-0.206390620697688,-0.199908123107202,0.465355079234764,-0.45753759338621,-0.223416236831786,-0.207394952947561,0.50619977700884,0.0335423985786095,0.230605972310532,-0.278990226446999,-0.0541877583625764,-0.14127996800366,0.229367572967755,-0.130774734285774,-0.0190526921039414,-0.119451330470473,0.182740424346187
"2-S14A",-0.363216971012024,0.00770356133064468,-0.77641978679328,0.0474425807544013,-0.611422705172999,-0.093004243243179,-0.391568414941615,0.539650824829426,0.340032939588232,0.377897403504029,0.0011749083741103,-0.0698288441062629,0.273706362605336,-0.0663018707170951,-0.0771259054598976,0.47568872658668,-0.0440408374723916,-0.286953728732215,0.330833672656186,-0.0710540156232153
"2-S14B",-0.0959811695828351,0.115776042494995,-0.117354593607601,-0.369220143596139,-0.138870751456353,-0.161564690671856,0.188027912903228,0.39973477503067,0.244032668766528,-0.427979995860377,0.38707524224944,-0.0791684153974301,-0.0450916852641929,-0.162124429953404,0.48959746949983,-0.0833292160099711,-0.110952155413163,0.0175010374947233,-0.280756234149432,-0.013034668018733
"2-S14C",-0.0536882738872969,0.0881448363816865,0.357663387308426,-0.367959526441312,0.03609727344875,0.254252485854671,-0.125487945002442,0.0106885175997013,-0.0190550896466399,-0.184868236117975,0.12095252949973,-0.0210175385879541,-0.166432005693761,-0.0230462858241478,0.323281962021175,0.436374874660524,0.117817019612198,0.142358166840868,0.22764583980649,-0.246194404737862
"2-S14D",0.125838881042527,0.134699486411226,0.418255486540672,-0.393794885425528,-0.0382628108459256,0.3414735285983,-0.199822404037059,-0.109713400803321,0.0242660074248127,0.0379033490749,0.0472454481754387,-0.1499285077422,-0.255382647338397,-0.189653532641873,-0.241217942061411,0.0459360869027439,-0.0977888495045025,0.0663552843110357,-0.0554321982605155,-0.0060608536233874
"2-S15A",0.501912086251641,-0.815515418997681,-0.621185349069723,-0.0278641221989814,0.213252428832566,-0.333023580076555,0.0499908086273714,-0.402669111085128,0.0295965158928004,0.183116344398044,-0.000563931296484151,-0.0549790692091072,-0.0694384770290861,-0.0579475810176908,0.0186308530419784,0.0739585144615116,-0.010046339856617,0.0213248941235983,0.116188863856711,0.143145911205023
"2-S15B",0.579914184969547,-0.492496822634807,-0.443744143479525,-0.317922475973275,0.208752798798937,-0.162011609061982,-0.00870916349783796,-0.332765857235023,0.0319609442662217,-0.0137607013188198,-0.179302715021111,-0.0764882302752401,0.142855396102055,0.113927603669061,-0.175892765012701,-0.109209530446067,0.0312442815002193,0.0944347336151986,0.0602528798992359,0.0173430854298504
"2-S15C",0.399871332676499,-0.491929996686146,-0.546159931308432,-0.470347198815959,0.340985895563695,-0.278671133110612,-0.0756155024878939,-0.362426800420829,0.0175762125841665,-0.00820596619323299,-0.173949948803923,-0.0377161980357959,0.124341792183389,0.0585811701090677,-0.148074781933279,-0.103747088225857,-0.0337730583248336,0.0460282838062576,0.0496820505821053,-0.0103280771205282
"2-S15D",-0.206849249847285,-0.0711758199726191,-0.842310878831387,-0.189900769433279,-0.67466056663826,0.11327550922614,-0.277378664198681,0.458788048358186,0.235192969987021,0.38630157734962,-0.201921787164899,-0.0199568967520592,0.332953925196525,0.0681482125600923,-0.15995494776896,0.190648911865788,-0.22992636774167,0.126877978178797,0.0497540632018858,-0.0255164717371679
"2-S15E",0.558418084514122,-0.274564564052185,-0.156552358760889,-0.315957940378658,-0.0231311701554408,0.162778708138226,0.174769793326321,-0.177687262084634,-0.0774349391664051,-0.19579786887568,-0.0484082436295146,-0.0687199274618949,0.191801500425388,0.181177165286415,-0.065934126521162,0.0130114289845074,0.0997119219536665,0.0408174784662647,-0.0445026070786812,0.0226605628458628
"2-S15F",-0.0790412754844477,0.19491317527313,0.103843462038411,-0.554872929583499,0.171589701440701,0.2812621172025,-0.139189734529245,0.0749803694664202,-0.107043872475056,-0.071050493655946,0.378846442161747,0.189288239379496,-0.0297667228425614,-0.182960173082845,-0.036682367678897,0.168952851056287,0.0814096194672256,0.0799896022177694,0.52787551469002,-0.134299632278848
"2-S16A",0.0799119562172166,0.391643046295188,0.339638860294167,0.143670882956691,-0.0612765735381922,-0.464467999696986,-0.311127751690796,0.0487942457024249,0.155397803818844,0.00921168742391478,-0.0961373596491721,0.392434890753071,0.00879980782795591,0.0421893385189865,0.0105424364126244,0.175658214716343,-0.258111810703519,0.552586197700351,0.135133606163655,-0.0593536518880045
"2-S16B",0.40545985561241,0.113347400268502,0.3826582883042,0.367605461966847,-0.38256534610632,-0.144069778130174,-0.224544133347461,-0.0186815164958575,0.067774729314857,0.397270216834243,-0.355282426732056,0.0530012601644544,-0.128164421408905,0.0887179030586225,-0.159553722914198,-0.359677727238816,-0.085083338868662,0.1852073409409,0.158771445727761,-0.0789829071397368
"2-S16C",0.164749699638089,0.319334455864704,0.309484937511405,-0.0211105419751495,-0.0949752235000385,-0.269578809764932,-0.499571562506774,-0.262157112107236,0.117998376651902,-0.0992605238187193,-0.28181271118253,0.156829363279854,0.339368193134727,0.012429250070867,0.309507997762199,-0.146843392220808,-0.474877192497325,-0.181841192588749,0.348533775922581,-0.167005299276595
"2-S16D",0.376586732987852,0.250543278636327,-0.0172368871922937,0.105872526913267,-0.366631040550693,-0.273454602607231,-0.0138513000690465,-0.241559314460969,-0.00595175761894565,0.0534513724656761,-0.266716646022555,0.228762588406677,0.0888519011501422,0.0918549040299312,-0.207513181112368,-0.14872033158975,0.216350542963942,0.154112798755605,-0.181286893890925,-0.0575518764611522
"2-S17A",0.17898821101779,0.0507114329409031,0.189086454180685,-0.00435814805754937,0.175514916198696,0.338573861287893,-0.0244216557125533,0.295763407822395,-0.403518773825993,0.477462585277332,0.152046860005706,0.114683140686572,0.070661341108157,0.145960066601506,-0.105542034946404,0.265998447770008,0.0609137531881735,0.138803959008258,-0.142783089947662,-0.309761696094355
"2-S17B",0.610359631783333,-0.0174217635631599,0.33580532928461,0.65004373132261,-0.137151834385218,-0.0668705196139535,0.174662350568742,0.178873229072602,-0.126544984648245,0.21307533217259,0.00869225990860563,0.033479138130417,0.0282260193318071,-0.223369742603582,-0.128244426534373,-0.0691298312427202,0.00395473906810482,-0.0193719192407263,-0.0834600548029215,0.172965516861463
"2-S17C",0.295147325462896,0.146813651036067,0.464270175269123,-0.162327260487442,0.000189896237260513,0.121679208111427,-0.167789297707686,-0.143890514559486,0.193967422120681,0.0152413182570135,0.0873885439720953,-0.243661277986795,0.145257824291348,-0.161038288851102,-0.0450655418625211,-0.120282750841519,0.0749956852654429,0.118938993308995,-0.191238301538388,-0.0509575357859021
"2-S17D",0.292438691589587,-0.432044156128608,-0.641731607677641,0.0938020343049855,-0.239038151579184,-0.187796768788826,0.380524007420358,-0.162065652772326,0.0676839725541645,-0.218340334484764,0.388897746546094,-0.064031938322805,0.0870924506506278,-0.123072270305534,-0.219677184273948,0.154077202609168,-0.432895304435401,-0.240287115091927,-0.165116757646018,-0.103984090848831
"2-S18A",0.0849675159189818,-0.139457313904866,-0.891872030462629,-0.473628601512935,-0.12209642611103,-0.217643485246627,0.0842145878539703,0.0812294151661729,0.107124490689907,-0.0475416854597695,-0.1220268143665,-0.0768681372976269,0.126026003583545,0.135115046298186,-0.10590723488959,-0.0293994915044992,0.026157363597552,0.0109585974493494,0.0281941787443535,0.020293144897568
"2-S18B",0.273047938888412,-0.315755989537896,-0.724803856910524,-0.450381809791625,0.0846065167200363,-0.275718606516438,0.0734092517325373,-0.180491022301807,-0.0149852108779403,0.0255723236647286,-0.126079210019623,-0.0670428570099872,0.00389351383851572,0.0152942555576809,-0.0583206065097244,-0.140218934829602,-0.0361316281148722,0.0805611792531479,-0.0188407686115887,-0.0388596400871668
"2-S18C",0.418051870540358,-0.354635728751275,-0.638737266702708,-0.116316040421512,-0.121932683527299,-0.222268963318386,0.298682220951897,-0.228759107301507,-0.00356900100919491,0.0201245279793843,0.078942123885546,-0.0282266313866546,0.0383147298102386,0.012665753179456,-0.0603978711580147,-0.00449833066962707,-0.0921738649425591,0.0315626782101932,-0.0352497261162264,-0.0315103245515076
"2-S18D",-0.248135614766165,-0.64780382300087,-0.898865799377101,-0.0154250225008609,0.0507800072779264,-0.25401180236651,-0.737562173122382,-0.0492065401951675,0.17529406579937,0.665339430063539,0.0194914887397753,-0.124885515727135,-0.204435607990197,-0.28777245498699,0.416471112252624,0.355183800424687,0.160031396977066,0.0127206638048494,-0.384928688919553,-0.00586572634202588
"2-S19A",0.579315171154196,0.0490770194849268,0.431318479821024,0.114679642856955,-0.210787148217931,0.232505560887998,-0.116919936046711,-0.130096619586716,0.166334938580128,0.0440604493196872,-0.100869177839366,-0.0753906990619967,0.0285185279709678,0.00972955041300982,-0.0121326948574308,-0.0944442499492419,0.232529571548679,-0.125466036610335,-0.0755979022114794,-0.192979967340617
"2-S19B",0.502588191811956,0.173853875624004,0.420138111274418,0.0123561517545579,-0.0293382666192839,0.168257543558997,-0.131148430160101,0.110681638825832,0.0311692062548587,0.0521294119809753,0.0472243563920446,-0.0438736312289788,-0.0680544493190429,0.0857664802353731,-0.39078221080589,-0.169598670742262,0.0652338950610566,0.156208188366159,-0.125248742302844,0.150156054684371
"2-S19C",0.525089345003728,0.0762647883605917,0.342792136926685,0.224103751058041,0.000499494215009531,-0.0283291026595288,0.240354652966921,-0.023583233293726,0.109707949426733,0.0836480717084985,0.129400214584037,-0.0906646246815669,0.136919552066494,-0.130184207270172,-0.0687396077436179,-0.0378825661547125,-0.0635956958758181,0.0490050531253252,-0.108410455886598,0.172813230420052
"3-S01a",-0.196094000039112,-0.602015916517236,-0.169206308230686,0.511021937402506,-0.246282244711667,0.145615319479356,-0.687821951715543,-0.0493485354804545,-0.195570910907692,0.099319441445875,0.435956851519211,0.37633761536246,0.214986070123946,0.812059841415573,0.590608348470031,-0.531162194106072,0.258939385497109,-0.42043126367507,0.273320251934632,0.194592532129773
"3-S01b",-0.540446868316075,-0.655397502963187,-0.0623171284424564,0.454116838027746,-0.216687157064749,0.00226866862874892,-0.988605400514278,0.0667818818308096,-0.318075391763384,-0.64693515351097,0.115996541397586,-0.687339015954181,-0.0750099386834137,-0.380216306289064,-0.441381106818825,0.194516400909125,-0.00647295661196543,-0.25915788064351,-0.0183748606059673,-0.153958439529137
"3-S01c",-0.711028062214796,-0.762530930174402,0.0615106861086673,0.340284140023568,-0.288538777789709,0.062376926068499,-0.749500207839115,0.0302847532659794,-0.464668628239054,-0.400477527355088,-0.00806551645413144,-0.655443243874124,-0.417364692611922,0.442942564357234,-0.00344500558923322,-0.0607913294598437,-0.425656669595819,-0.128179158728194,-0.238025088838064,0.184157438760605
"3-S01d",-0.362540733010966,-0.527142536386191,-0.221359708345115,0.481542308344784,-0.176431593446614,0.00231027769124789,-1.08357420700629,0.0659924788721158,-0.255935686578427,-0.409406899510765,0.855624924543496,0.00881951231267817,0.381327722162524,-0.300462163983936,-0.248869419725953,-0.211306866513842,0.28361410129636,0.489488771897583,0.0170815420998698,0.215224148804576
"3-S02a",0.651393148397841,-0.290047761083627,0.421291183135982,0.00105714655906406,-0.244317771851105,0.789307202223257,-0.484227829333094,-0.0339933237526866,-0.157051023105871,0.195926503179161,-0.0921723321841992,-0.0511530563829594,0.0254818925498485,-0.0111568641074727,-0.0146861204874762,0.0639716971306502,-0.0304824846710844,0.149835907718434,-0.0266392462811801,-0.236083794672064
"3-S02b",0.827052979006264,-0.361054914148125,0.386153959450397,0.181193889627992,-0.301846710269654,0.627113784212499,-0.134280308076494,-0.0850390369588782,-0.0608336081006253,0.201804607608099,-0.0130159146348064,-0.0755802198206575,0.0882218111900489,0.0202532574255351,-0.03535362824984,0.0445850632024958,0.0950206601263967,0.101610712546015,0.0166500538142027,-0.10230192345552
"3-S02c",-1.01966778195646,-0.247912743363802,-0.153517154529265,-0.41964454962155,-0.445252200100434,0.13703703215147,0.250340159994102,0.0312937298361537,-0.276661401899825,0.0453717621422199,0.386107098696176,-0.0859788487039128,-0.294122245698154,0.13825004512619,0.22166188719631,-0.171865602826264,-0.0569673008010684,0.225797745888979,-0.112514675828518,-0.00402244760910213
"3-S02d",0.857448097572761,-0.41009138935327,0.329216674331699,0.350934818825649,-0.330204624597263,0.496262063281752,0.0874872413866351,-0.114427587338522,-0.0651824532504544,0.171019339868312,0.121273030717141,-0.0548121594293378,0.0704694409346859,-0.00937663669500615,-0.0101409154656266,0.134861390304161,0.0157269302805766,0.0576382776816887,0.0685146772884874,-0.0305967803737293
"3-S03a",-1.20340137561948,-0.468418921746737,0.20884450102343,-0.134448980857621,-0.122812076695372,0.114995062746643,0.250614634018581,-0.225355947194753,-0.210772667105595,0.110868797645566,0.000952090724259924,-0.0489958756383041,0.06447735620616,0.328142441476538,0.013166673919868,0.0242923509305213,-0.0524110438999766,-0.00692267840309172,-0.0407501507565578,0.0183777098455855
"3-S03b",-1.2209670570563,-0.524752392197033,0.18707882846423,-0.175902983375049,-0.172212482509245,0.122456644876783,0.263459855912071,-0.0630352086744506,-0.21071536067443,0.0384477209917295,-0.012207633729652,-0.000519626917611592,-0.101400388389904,0.168038397092435,0.0114295917294829,-0.0903521758040155,0.0123269447056251,0.0721519768697078,0.0744557591468864,0.0725612488731929
"3-S03c",-1.20690171252093,-0.618500295949661,0.223934443950746,-0.0666605071582165,-0.157940467597566,0.0892866971410086,0.296695656932114,-0.158109240754296,-0.21098906038513,0.14244360296121,-0.166679787865802,-0.0852122705665995,-0.0236444039530383,0.125517907954545,0.14583287691273,-0.0535925008856423,-0.131584176082514,0.100364198521006,0.0808455246264119,-0.00816227013854395
"3-S03d",-1.21746795621706,-0.59286244903566,0.187410604493599,-0.0925989234622891,-0.163286690490122,0.146232773072568,0.264875653826577,-0.104408943530191,-0.282682426183428,0.146431063951761,-0.0519323934151821,0.0163724728684685,-0.00890983373313598,0.175205564443263,0.0945522215123071,0.102102344951,-0.0582894435183967,0.160371646934173,-0.0529633140939752,0.164008496394046
"3-S04a",-0.801290929431048,-0.602095197284447,-0.149498595948905,0.383895119984735,-0.121031948870136,0.279649876011212,-0.374980614739541,-0.108004730071133,-0.401555881441751,-0.146693109352437,-0.461496189241526,0.708251433343095,0.565798898976885,-0.323619770825513,0.537503418859901,0.071267219279408,-0.0174247113565329,-0.181218478938968,-0.0932315904148411,-0.060648322196084
"3-S04b",-1.18501906732406,-0.694246276368602,0.219099623614005,-0.0268273440778434,-0.132639960940644,0.0635271762340956,0.16403229272017,-0.00129254678141892,-0.274494701611801,-0.0963393438187068,-0.289139218168858,0.0160985086811273,0.0585941254364141,-0.0855060639053933,-0.0096255935270983,0.20603026268828,-0.0219913247082819,0.200499792822081,0.195016426539826,-0.0967456823282848
"3-S04c",-1.18626170974156,-0.638212092071572,0.285019363317139,-0.0561653527392088,-0.157791585467421,0.0580363823283772,0.177243063164919,-0.0295485969483475,-0.237716779368987,0.05881642066192,-0.263676729488946,0.161182188647746,0.096604591964319,0.0288035349096638,-0.0426505459722878,-0.0393588019884495,0.218525574737749,-0.0124770865100461,0.0195614717543287,0.105917112514774
"3-S04d",-1.18932340600234,-0.723001505130062,0.389466821206092,-0.0830039262538821,-0.0693826430042952,0.0457363447103825,0.13814892909872,-0.0177856933874348,-0.027750749935568,-0.00906128446960408,-0.104081695352733,0.115744964678234,-0.0937771703538507,-0.00513137827299102,-0.0982081891467679,0.047128008048242,-0.0325802217109234,0.0735023166378783,0.0445001773740527,0.169519806723671
"3-S05a",-1.08116359665065,-0.559260114659335,0.515697649697479,-0.104785301939361,0.0552650456279164,-0.019987216102284,0.183326706113456,-0.012770263296968,0.182912556828467,-0.0382776558137799,0.0292743468507285,-0.00441409619196989,-0.0518516316270319,0.154481459330118,0.0122565250851054,0.018443007807408,0.117501594986354,0.0403823903682437,-0.0995692173482935,0.115166087840602
"3-S05b",-1.16844107782091,-0.510371780986347,0.200172192355002,-0.0548892466612955,-0.126724428359291,-0.0304643819268241,0.267584790271873,0.198662255941948,-0.0747038564247157,-0.116237952399812,-0.115201274749505,-0.120499682734366,-0.00356980073639767,-0.288588623067499,-0.0714547296071486,-0.00868130730679294,-0.0285536259081094,0.0755912479882609,-0.0558308665482382,-0.225532162127122
"3-S05c",-1.05355524929372,-0.447700681419688,0.327302550859936,-0.00314089787505175,-0.0433188082071535,-0.0927054085367154,0.295504700137297,0.203189971782703,-0.069716134061518,-0.144217988782372,-0.278126065370246,-0.06946346749144,-0.0588825670459892,-0.159499254878441,-0.0590750275303222,0.0170779170250385,0.153304028398991,-0.0850468157873678,-0.0554757231560974,-0.165458545798708
"3-S05d",-1.05695154660915,-0.531164008962468,0.355266308264173,0.0035134640661146,0.209488253289188,-0.0108564531494473,0.301232169463626,0.321873309348337,-0.153014583895269,0.00393058944455038,-0.116673999228134,-0.0653314756502764,0.0304187157421881,-0.127159578476433,-0.085853741899371,0.00325445416205685,-0.0341877048295051,-0.0978536691491841,-0.0611009674662003,-0.0127298352029462
"3-S06a",-1.04535534012275,-0.432874182573416,0.398643452503339,-0.0739755901703465,0.0573671458324745,-0.0680260803240266,0.360353585969896,-0.00667984099428004,0.151448627584701,0.0958795071493989,0.116299239987545,-0.00103757702511959,0.174604482495822,-0.333491038181426,0.109381092788374,-0.0250869805726951,0.21002617026104,-0.0903614398776369,0.0335006990621954,0.0796397342761649
"3-S06b",-0.950336531267569,-0.676565286619659,0.465368906492276,0.107447955762819,0.0773837813205933,-0.142184450491785,0.168875108024144,0.0778156476866116,0.230050534829887,-0.00930758943197234,-0.29112992216434,0.0514897242304217,0.332080873752603,-0.404084185574504,-0.214224263478486,-0.112662372507068,0.100699597282824,-0.149783276882325,-0.112388798357214,0.0611956250807643
"3-S06c",-0.946368295640567,-0.463467460434976,0.549301011617251,0.241448547598854,0.0608396418949787,-0.28822306800803,0.217155507699711,0.159402521869072,0.0319940783237174,0.121964996767347,-0.17216449312444,-0.0194375159047708,0.0103365800900878,-0.0907572310638654,-0.0960634550936701,-0.11435028736611,0.0173583300297929,0.171244061131354,0.0972397548486607,-0.00176965878326521
"3-S06d",-0.985290294334621,-0.54783101892851,0.561364406727873,0.013532844963913,0.213470239220159,-0.107754332418386,0.161113202895514,0.0633862082580766,0.436299967163734,0.00426666702088554,0.0807972528610965,-0.0116242941062058,0.286439896203375,0.0802165397218372,-0.0946240859718603,-0.106378874502146,0.17054558273602,-0.0730108555970378,0.134390805736541,-0.191101025037118
"3-S07a",0.52684887632293,-0.0500762253302094,0.225589185500017,0.0358574382304826,-0.215658650204486,0.194999072710306,0.197062929869019,-0.0717237171190121,-0.0941659557931795,-0.00311881578781279,0.165282440138861,0.0518558895176636,-0.0464539615106283,0.0184488686560693,0.0932376823834303,0.141848943977493,-0.0702192044132867,0.00120026784859608,0.124976253813295,0.0371322255596144
"3-S07b",0.703247818744683,-0.159165967146423,0.207021618338352,0.278678545736308,-0.0809858283405796,0.125560617451009,0.200189264517006,0.185372415844538,-0.0811820868864195,-0.0510948340278135,0.157477211001058,0.043508617490876,0.0992971646210126,-0.101512692561629,0.0520921804508391,0.108175501039107,-0.2246456501734,-0.0933728259621201,0.220079837041257,-0.0146598053564773
"3-S07c",0.577270977552538,-0.0363427950035995,0.412310848468677,-0.151621329423332,0.0542872462975243,0.332762752278077,-0.132591132002861,0.0915951055363119,0.187380116742684,-0.0750499967297444,-0.0521815918503503,0.00253982435410565,0.0367987461256353,0.0655028934280862,0.00924536241329655,0.0557984184315711,0.0360413971399322,0.0575992721839264,0.111117464597408,-0.114222940605902
"3-S07d",0.710695275697482,-0.202068176136699,0.293010356833752,0.375203927527877,-0.020114085840025,0.160503876627904,0.182652267151475,0.152085183484155,-0.132573647524451,0.184378373173834,0.141414668508179,0.00262967954264172,-0.156164539779862,0.00578095134489631,-0.024210316363866,0.065195405450504,-0.0825984835770366,0.100228942167964,0.139373789160007,-0.0220104999683839
"3-S08a",0.479958314800062,0.030590489674235,-0.0954894645200461,0.0413359079435792,-0.196599063854541,-0.121881359337814,0.318878464545247,-0.0436338183007548,-0.130115448534768,-0.104404806030482,-0.0236748907426344,0.0384842771510338,0.035491828400763,0.122052728387332,0.0139749129367975,0.0905845508222218,0.0811534080341413,0.124702389253012,0.148548142906441,-0.0371711892587724
"3-S08b",0.0914891412324424,0.0287481688922116,-0.418588031236198,-0.572905835558956,-0.011766647163888,-0.271215635569142,0.247597303755628,-0.0595344146728257,-0.114387987683565,-0.407625689636042,0.0506816043173245,0.111321457225365,-0.0115977777268332,0.12951823006269,-0.0115785056881456,-0.00785457801529112,0.174917351014669,-0.00510237135179477,-0.0585169228589511,0.0291821900577844
"3-S08c",0.526177482397214,-0.0274195382297969,0.0359725535932166,-0.00815145799646755,-0.0365593641373701,-0.106457848310791,0.270748706475429,0.0017895950396571,-0.080551351854967,-0.0886525657212085,-0.0547478146115211,-0.0179694711638995,0.0815036507760706,0.129549200258143,-0.0478428276295172,0.196302010706979,0.0899516194180772,0.0360587893960744,0.0382284899501999,0.114045856177782
"3-S08d",-0.109891115465385,0.261784129400163,-0.352064620047244,0.03728827699017,-0.610311797408993,-0.313319375716823,-0.0783997850870593,-0.0914480192815719,-0.237384532048014,0.00156582175870003,-0.0215575918672941,0.561107858308674,-0.306682013640448,-0.0117530429125613,-0.380098380111222,-0.0181705194033485,-0.139709694937204,-0.149919143380913,-0.105486323246202,-0.416513950044701
"3-S09a",0.527210552432472,0.0691073999360599,0.329464007380091,0.308511802112231,-0.192665098086659,-0.181106567125834,0.133250739884291,-0.130231256761542,0.0731049354699586,-0.0468861822503494,0.0447178722930715,-0.169851201183751,0.209072388247949,0.0957325659741966,0.243860201264036,0.085523623811425,0.146789679307329,0.0340037040118218,-0.0454913551007531,0.0888865052072461
"3-S09b",0.528802446825264,0.0305712352113997,0.362420039740867,0.373542833127018,-0.217968980761395,-0.154328410252898,0.201995560801063,-0.171251459251797,0.148943581027752,0.000265487979173302,0.0815187640464849,-0.125280060002639,0.164319005046123,0.0562979969584685,0.100163249911263,0.0639776717178468,0.0597679170328437,-0.079501899030894,0.0220997104074065,0.112534889372853
"3-S09c",0.497278174472136,0.0698504189175478,0.182342103757486,0.44695661264256,-0.317485163160217,-0.347633160519349,0.129447530113087,-0.180412385263737,0.0649686010949973,-0.066754462174399,-0.123390837891763,0.0613506648916304,0.042447705414713,0.131173948952389,-0.0522486248487744,0.157933581491996,0.0275339598736281,0.257124574047328,0.127976254692313,0.0729534169360794
"3-S09d",0.501356862744918,-0.0768697470054463,0.135634976094135,0.584884223423431,-0.330597106334564,-0.312127012839342,0.284369088149716,-0.209199207998462,0.107903955109843,-0.152416780345748,0.221849363700675,0.038854531406539,0.0525438085053517,0.00426744142197448,-0.0557217900128536,0.280612998667479,-0.143686569534224,-0.0978159835714966,-0.0937390307285663,0.018329992325649
"3-S10a",0.514793496542757,0.0841995117576044,0.306084251661826,0.426931140299598,-0.274068544578236,-0.229155611875423,0.119271866102344,-0.115164418671255,-0.0408157049623389,0.0595638870896335,0.00772681727343895,-0.26523424048977,0.135755573876166,0.0200918629267468,0.18452410896656,0.0734926795617041,0.106895427474487,-0.0176583991953463,-0.111538225176987,0.102124164302286
"3-S10b",0.440556314980596,0.138491168299762,0.26342732404694,0.38168999740755,-0.249697274758615,-0.230283269057567,0.232953990222421,-0.169639129408292,0.0203511929709788,0.091192833463226,0.0805409584729016,-0.0752283560708415,0.0517241537274519,-0.0465629645900226,0.160217663721544,0.0905882719109642,0.0851484519916123,0.0340195902635694,0.0180153432967984,0.0270096863134226
"3-S10c",0.436385012812714,0.00449701650553058,0.280072591373844,0.427997942249867,-0.23615364623196,-0.201218901694046,0.283479490049351,-0.185389373269388,0.024186427548654,0.0142372399084665,0.145434666127835,-0.0754960845210219,0.0509271724901757,-0.0294669336696642,0.222651257125511,0.15704870081336,-0.0581495069100608,0.00241125759820247,-0.0315782794438876,0.118155411662368
"3-S10d",0.365484857668119,-0.367647296420127,-0.394107610449167,0.398977932517831,-0.342328858486611,-0.405936730784104,0.158097461940898,-0.296653363972535,-0.0945294639471847,-0.10543992067079,0.210824015348937,0.406871967351016,-0.138118508820029,0.0717604420417612,-0.52607795061055,0.084743233633516,-0.172484790510922,-0.371655464930522,-0.107481155948459,-0.299722967379664
"3-S11a",0.0301118243603494,0.175268494071527,0.395938710874055,0.490407240596576,0.0306599622675871,-0.602343506081262,-0.194997082032528,0.261688277020421,0.283607182728516,-0.307966810914428,-0.37059040390757,-0.263378198576636,-0.284235616480339,0.0740564803545476,0.193331580597653,0.0263636210715151,-0.00782044266668976,0.0876045222426429,0.103086318195095,-0.123119295876177
"3-S11b",0.292507696808905,-0.0320597027364234,0.312488359322673,0.665298216102881,-0.244444960603435,-0.365810647476043,-0.050641990647766,0.0795095111265969,0.204472178687277,-0.0945272756179761,-0.28171027851644,-0.450653460418683,-0.269919744086675,0.206826972036471,0.188225120344969,-0.0649833111884418,0.0954768488346262,0.186612439754243,0.0274526732146998,-0.219505504936383
"3-S11c",-0.0855026036042973,0.319227574297223,0.342373427235325,0.559002194999151,0.0425448590595884,-0.677522431266432,-0.109429985996551,0.162317442287435,0.194545382760709,-0.214263236791943,-0.220214590469202,-0.237150399139003,-0.163729229443957,0.142406517799413,0.226811958974335,0.136249618479331,0.0748074357166917,0.157099275731118,0.143462260813528,-0.0577678992430759
"3-S11d",-0.209877545818266,0.225617657607802,-0.750409958194246,-0.124715967184985,-0.744539485046331,-0.033541293605139,-0.165867863855469,0.400233884004616,0.257441729456075,0.200019254831199,-0.230377850886805,-0.00217084386363992,0.100572076588226,0.121101426983282,0.0369661337356426,0.259606770559485,0.0737190387973785,-0.026450627112084,-0.0541880155481088,-0.0436579857899032
"3-S12a",0.727002985621954,-0.237616141622708,0.188253601219248,-0.221793585413736,0.180992525089014,0.249729915838036,-0.127812438695819,0.0826651775632541,-0.00792453365125844,-0.214861723998772,-0.0330199020390218,0.0853822623853103,0.0711367680965131,0.106258301499264,0.173708698833154,-0.00612208213559542,0.0441768123167773,-0.0308891431465949,-0.0802596707213075,-0.275650347368404
"3-S12b",0.68294480393675,-0.289888420908584,0.0994653717995883,0.0767984934668005,0.168018119539682,0.0608042365331747,0.194536908634927,0.305758682915396,-0.107520259752995,0.0330252132765286,0.0675017966970174,-0.00442676299805296,-0.0265773099008627,0.0694931732179834,-0.00472113964587447,0.0494056318587355,0.0540487350252408,-0.0395242825817789,0.152550403338864,0.0766493242725243
"3-S12c",0.738874872925187,-0.403573477257036,0.125338221052386,0.060862027927057,0.136418719833509,0.165581671551824,0.175941309419438,0.0556579872914002,0.0986130221553884,-0.115020267339264,0.063730250927681,-0.0660889234189055,0.00184006005477204,0.130277300112073,0.152835298004739,0.116906896807317,-0.0188664442324103,0.0848771407446014,0.148270992696609,-0.0822742627448698
"3-S12d",0.692875872420712,-0.440921925203635,-0.0101894575476914,0.126683571723325,0.143755979759583,0.0703366407145765,0.314466754692378,0.0211109424221504,-0.034447561044494,-0.0933542911703071,0.180557161606471,0.00622697280438774,0.107693945361379,-0.0306313515297913,0.0443844330082313,0.0749131255435942,-0.081170178562138,-0.0788384199526539,-0.04140382749311,-0.0535868343190938
"3-S13a",0.771708452933069,-0.398651160679049,0.0907715089086383,-0.0083252935935588,0.138288744965006,0.171065714367571,0.16789532180291,0.126814133599325,-0.112508346690849,-0.0663460509540224,0.0803915068097165,-0.00745278888165025,0.0836830143000481,0.0684034467180276,0.00613875396293202,-0.0384711968840219,-0.0274956989550747,-0.0548837181043171,0.0668793706343806,-0.0147367395791847
"3-S13b",0.56976575531225,-0.180181234500783,0.153894007286848,-0.277612161570905,0.0694371045034471,0.238510488326453,0.0978647166816467,0.0652491720696085,0.0184472090120505,-0.0322028372029605,-0.0791289590902682,0.126872973298518,0.226644164211726,-0.0251806902520965,0.114276468131134,-0.0182686779357249,-0.0174970600357697,0.056652238256815,0.0271414192953502,0.120741271925481
"3-S13c",0.689925033151124,-0.497390036903779,-0.0706639662437559,0.257239978145556,0.232204352843746,-0.142403781521994,0.272905130458252,0.210805400736124,-0.0542115883562162,-0.031266268153609,0.187034658743228,0.0465731783962559,-0.0153641686038664,-0.0735493526449456,0.0427606690484124,-0.0566102968526452,-0.112930594412367,0.0145496652477171,0.0573571906365667,0.0775670959425398
"3-S13d",0.659117441794814,-0.368399469467598,0.115129084669953,0.0575901665561958,0.0582369567243307,0.167995605855691,0.262608762181872,0.0594868242063063,-0.00676931187804785,-0.0574358511352957,0.192587122644467,0.141221765952866,-0.137261834719554,0.0363862522355432,0.00779082590817051,0.155579278412351,-0.123799205321265,-0.190496427579023,-0.0652852469089717,0.0765590190800635
"3-S14a",0.576770268829776,-0.472370598191786,-0.205366357674948,-0.220926379237489,0.543290469984076,-0.155647246585825,-0.0520808243873629,0.0454983852448927,-0.060508587561477,0.122870950049008,-0.051480635030002,-0.0177284259928833,-0.169801992970748,0.00812059338784171,-0.0468336858337007,-0.0718031922225891,-0.0383560162752602,0.0145537170762187,0.105384432009564,-0.175289744020091
"3-S14b",0.606878134887104,-0.646330046874567,-0.228599219788835,-0.1453832921424,0.499200719739235,-0.131512368286444,-0.0569102871718329,0.00480780044705523,0.0265669382217799,0.119975974680884,-0.103575618242775,-0.0833573617763971,-0.18189276679258,0.079978531966809,0.127096817992004,0.00948082165791734,0.039639018408342,-0.00384718575812353,0.11974223627591,-0.154302390911554
"3-S14c",0.618659867556616,-0.694867596992638,-0.327284174449542,-0.0419591406300113,0.453874429119337,-0.17331207858191,0.0358699139737108,0.0164020405912867,-0.0221943954853224,0.185402929176262,0.0250784186484506,-0.0368588757729226,-0.12875024375925,-0.0959884170701054,0.127723636185649,0.0433628413878972,0.0640636127862405,-0.0306432834708185,0.070882139327821,0.135456772941528
"3-S14d",-0.213420450553488,0.36904968807216,-0.422908278004904,-0.0905607997166726,-0.0322534075483562,-0.320200158599679,0.146265914379221,0.725730551160847,-0.175527154476867,-0.0166191257280901,0.0291537398386893,0.198163455295168,-0.0660352782271972,0.039510370014866,-0.0215871078655325,0.0250180912215911,0.0112754927647256,0.088000497734853,-0.00172013410500152,0.209780126705081
"3-S14e",0.480064733124097,-0.728830690015626,-0.393945632047082,-0.0400511969262142,0.46374903526112,-0.195436060906912,-0.0143011101947259,-0.0029992874015202,-0.134629325954221,0.31684415795782,0.0451964442494978,0.0163309296964307,-0.335004678766938,-0.131609032582566,0.15565691320957,0.064058137382567,0.0471186984900104,-0.048064120869896,0.14800224833203,0.14052956869344
"3-S14f",0.532635091977001,-0.591677420289999,-0.233775245887563,-0.375808637957958,0.563819088223621,-0.0964079122226456,-0.136601623805502,0.0720384638056815,0.0310802823427026,-0.017611033595636,-0.116855241953179,0.000462033534022376,-0.0869484361633224,-0.0398342421776519,-0.0692116503676211,-0.0659019052616296,-0.00773683743141731,-0.0422519638795881,0.103755642228406,-0.164609705442539
"3-S14g",0.612909595903709,-0.613321053180832,-0.288042131100468,0.0592809811641479,0.425375801571355,-0.254203771236546,0.091936389282474,0.0921844093429336,-0.0464601013930447,0.180974320979435,0.0237283750172021,-0.0155346770615104,-0.189217245863816,0.0167490348706729,0.0808655279153201,0.0833099507828246,0.0207133258714418,0.0245227484026822,0.103899094305894,0.0513676881000452
"3-S14h",-0.177508056116483,0.336651200199123,-0.206944344548499,-0.069755265102044,0.173201320411406,-0.376373779563983,0.0926649069272367,0.630970124433842,-0.373432849290635,-0.153325410110935,0.0566983968616834,0.383621570932957,-0.174633665969539,0.0674889655210896,-0.0021459156436364,0.0760396525764686,0.00933289918508818,0.00607508664133937,0.0174369375041279,0.245907713629409
"3-S15a",0.737639659231526,-0.355599537867343,-0.0077320768430563,-0.0741114325714708,0.0914449211352935,0.166478319386428,0.134974484192084,0.0472078100610203,0.0102078298635768,-0.144636474049903,0.0220343631833431,0.0153604587528467,0.118083249827732,-0.0587023917589126,-0.132175809269064,-0.157895192212767,0.278194006491657,-0.0825403378339613,0.00529786165893402,-0.170143553703763
"3-S15b",0.693544008145929,-0.269296806313119,0.0296358040052457,-0.159454866967482,0.24335090306185,0.00422611672189588,0.0443155472520225,0.194750339265868,0.00233345079664833,-0.187255555736373,-0.0294331898933494,0.068138763014233,0.10495085710163,-0.0286501453064837,-0.133349692509695,-0.0864265271049944,0.147693303941182,0.0331546140790556,-0.0429732485690938,0.0828436794886443
"3-S15c",0.5886631839695,-0.208337409726591,0.128519808688736,-0.14528715949601,0.281328971840532,0.0441762651295399,-0.0394559339716267,0.398451620058199,-0.00125519558771449,-0.25640504314737,-0.161652237526524,-0.0759746562109709,-0.0367104524281916,-0.146424782818558,-0.0896290239866387,-0.239870613188009,0.0190842252730495,-0.183146349730925,-0.0846645720020374,0.214034960718367
"3-S15d",0.793808777651669,-0.364268556436823,0.0216023125484826,-0.113539864575084,0.16996639594214,0.161299097049906,0.0433084189182259,0.113558566682921,-0.0176632127084909,-0.0424027326242539,-0.0348310346741626,-0.0580734840472591,0.145177318751276,-0.0347072360366081,-0.0458922802713649,-0.125162429127335,0.029231285470644,-0.0278306824585323,-0.0799429797764547,-0.111001938504075
"3-S16a",0.553990130312595,-0.0971381197060526,0.326137115654206,-0.272227450167186,0.216571931829569,0.249556137153138,-0.148095530844758,0.349006354046788,0.120956397010535,-0.213847465800697,-0.207573440384057,0.0374250873850185,-0.00229902043032303,-0.0392700790054051,-0.088682162793832,0.104394496500028,-0.0665665525289329,-0.148610287358553,-0.14535846834919,-0.0813498038279912
"3-S16b",0.527536084754818,-0.180997069781246,0.194540631366542,-0.233465223934329,0.194917662417071,0.213505370061527,-0.11819140085783,0.0704311502908858,0.225128715854749,-0.355941749167809,-0.146143001295934,0.0390384975247457,-0.15342324086789,0.367746364907886,0.0543918266896069,-0.168393149947285,-0.109126570954874,0.00466916457853407,-0.306184637085902,-0.201398575432799
"3-S16c",0.507141762070189,-0.0796547507696564,0.244198957597594,-0.147465607265963,0.292374407604197,0.0582629400176472,-0.155179272331819,0.588543510576833,-0.0932636271369313,-0.217244082125598,-0.0586747268162852,0.242404164489376,-0.129899746557823,0.0650820755125374,-0.103223834196653,0.0552905769338397,0.0920795022753746,-0.0406205703978888,0.0244272519333041,0.0984890194543086
"3-S16d",0.573908409322898,-0.195623861059328,0.328162789398055,-0.194959472712068,0.213162649735886,0.291399340030063,-0.0214115257475782,0.389847507739891,0.105519102609181,-0.0539683699967266,-0.0326536842851318,0.0680934328570704,-0.0544196537574029,-0.0492780928330843,0.0909895957029301,-0.0356302170244959,-0.00325549215340625,-0.157601007208929,-0.0601901761562058,0.020670592601561
"3-S17A",0.362460779974735,0.164158818679527,0.277494336667379,0.00270447070867989,0.0984290666560693,-0.241345475875485,-0.196726536006858,0.509151438908391,-0.0528784703479521,0.0489166466155129,-0.200268339794379,0.235350180521853,-0.168071580611919,-0.0548061441513428,-0.118447051349013,-0.296025885500397,-0.284763585604008,0.119438381087461,0.106365857816615,0.187436501786441
"3-S17b",-0.10320388556747,0.367018297418119,0.350108918898796,-0.425439045444711,-0.2451876761816,-0.0522129665735204,-0.253971528231057,-0.208754799872148,0.115804528674114,0.00501415509388083,0.0164338407845483,0.017336087009234,-0.380462799403761,0.0354788162383912,0.206555111781303,0.133858878874684,-0.0705660535565892,-0.180374993778296,0.0356591204690063,-0.134125863000549
"3-S17c",0.210482394366258,0.383892479560831,0.293967180558338,-0.173061810900197,-0.145120064171208,0.0297159223050399,-0.0603732350190606,-0.0412003865897865,-0.193337052795148,0.0382517990288321,-0.219933961281337,-0.0924790096837135,-0.27839654359206,0.178436399870928,-0.0710105884754897,-0.131000774242887,-0.0900575920836244,-0.00854089772446276,-0.121397726867329,0.0041737484958621
"3-S17d",0.304552653623389,0.230992229203003,0.372653243754872,-0.0747004902216336,-0.116130907761954,0.256456057945284,-0.076389679781475,-0.211048189169106,0.0685407783853642,0.138692900475881,0.0030844049445724,0.172846955220175,-0.106386767659739,0.279619810987092,0.00719527553041334,-0.0170788566708071,0.230207429830568,0.0431039398306138,-0.245752000878232,0.106528956213517
"3-S18a",0.183242853757447,0.263934625442872,0.101366863508463,-0.368156199177204,-0.182468418338615,0.138430737779801,0.0838785053608046,0.024811155311599,0.0054777008584541,-0.107353986566779,0.00655127807073379,0.0839204078053535,-0.195025327708739,-0.0947211621180436,-0.0126072532369625,-0.0793473191020431,0.268506712995204,-0.0786168489985431,-0.0665651842845821,-0.039092527225952
"3-S18b",0.0536041861419143,0.381365630824873,0.322079271274132,-0.319884261715948,-0.162044879687617,-0.154230776607533,-0.332537165118231,-0.136069318820752,0.199429270843764,-0.200065506177452,-0.0404606540324984,0.383095834005005,-0.108106121342412,0.0687301970151143,-0.204615428063151,0.172354039028262,0.114954915958806,-0.0894243349662097,0.00833704730761633,0.243555624009756
"3-S18c",0.158556394310183,0.185583975556561,0.213094315561724,-0.463313913693041,-0.239427178491231,0.317389470882,-0.058069373595055,-0.0916011291236924,-0.0627450569071086,-0.0163668297855066,0.126929716417707,0.0493024532707498,-0.0939738744689893,-0.279070594301948,0.0762814305419398,-0.268246984523642,-0.0736277593943207,0.244072268337124,-0.141617116360982,0.0682950621371621
"3-S18d",0.312345554958818,0.121953103352876,-0.348278239286337,-0.217770293547084,-0.451637076214896,0.162298979800583,0.238642467939645,0.181304454454809,-0.000231072879484537,-0.00645301202153077,0.0487793270797545,-0.172895469013552,0.00430738570166132,0.0530739341818748,-0.0101466259929257,-0.136149764092086,0.0583331063831721,0.0611636873388555,0.0907598880643569,0.198983059515546
"3-S19a",-0.17645671958092,0.397172711575443,0.373496211917438,-0.357133015837099,-0.132734099886396,-0.242674467602436,-0.163550211207493,-0.256553031574587,0.247802501007921,-0.205401512562825,-0.127204706069815,-0.0185383337061113,-0.085673340045299,-0.0408400057978188,0.18024642493399,0.180689070046331,0.109757853048591,-0.223844203466404,0.0945423536312393,0.0748158392920643
"3-S19b",-0.0926599468733697,0.331351257406173,0.251112795518711,-0.358481463816679,-0.275523828143966,-0.1263989504545,-0.203368924482672,-0.0803611464720609,-0.0677565495687597,-0.0950506069776562,0.069656031188338,-0.0396594248353095,-0.514990794182868,-0.130010464051142,0.0150716533349787,0.13775713807735,0.118015004353963,-0.173742317611309,0.0356924988301177,0.375695050690804
"3-S19c",-0.052291189234172,0.334650859730235,0.276272936930176,-0.325310735463537,-0.127285514755989,-0.237361309822274,-0.202128498390123,-0.267919846538682,0.162164116752707,0.132516139533539,0.0879244161896633,0.157827629042147,0.0244791064918755,-0.469911802413795,-0.189641856347528,-0.0415917354854612,0.0781356984336421,-0.356943705377669,0.139659695377653,0.154517808753965
"3-S19d",0.175680052299748,0.270785471880129,-0.136563152946708,-0.0259187084309687,-0.507670655866537,-0.112067401231408,0.234417380649666,0.103579721280337,0.079340034913738,0.00681306091475439,-0.0457818538131599,-0.0204459597254792,-0.0129695177428188,-0.0400374088463568,-0.00646091289911328,-0.0609493276717001,0.090663536022968,0.0885150730901867,-0.0182881151198535,0.138888238498614
"3-S20a",0.245766128085021,0.029621405597551,-0.315450460571866,0.147933425822828,-0.506389568935822,-0.167180855418478,0.411114952784901,-0.143983126811436,0.07042588315762,-0.16750667066335,0.292111123346053,0.069575325427756,-0.0549581634428156,-0.101171801706495,-0.204719472140338,0.132090476287086,-0.149302160791753,-0.236949702072903,-0.0124481104729144,0.039638592484686
"3-S20b",0.198769082032296,0.254086818231237,0.343192515456855,-0.220587969317181,-0.33397308557581,-0.0092080398034974,-0.0227240151716973,-0.166641063816184,-0.0151166644529702,0.127536936620107,-0.224757914110116,0.160416022989648,-0.0142984064844198,-0.115555475292902,0.134622533131594,-0.0908090278757924,-0.0546258612454813,-0.30771618913419,-0.190307151059531,0.128964277929815
"3-S20c",0.127848056124369,0.249126262204845,0.142982097628625,-0.397647698713108,-0.178100411156711,0.0470564644141598,-0.0609843832227994,-0.11162578749924,-0.129723171205267,-0.243086803589569,-0.203778524347184,-0.00908129245730067,-0.122603782957073,0.00737004762627291,-0.0753324645412173,0.010182813035107,0.106431630831417,-0.250926143761021,0.275503091859588,-0.0378474083447831
"3-S20d",0.0753843642752105,0.416739846480836,-0.266695902093697,-0.262786358706786,-0.575709508683974,-0.0626161715518804,0.0418470785879999,-0.0590470358410745,-0.00706012787092933,-0.0453988046837825,-0.164782488827552,0.0758464821784872,-0.0839599620953551,-0.00198745728802955,-0.0776083691838726,-0.148215556946868,0.0860788704771452,-0.0180192638552616,-0.170932188391528,0.00316022913568705
"3-S21a",-0.077249939929537,0.282157714937763,0.267281589086472,-0.436054080802239,-0.149891198291054,-0.113813816002911,-0.106418384911411,-0.129728390991915,-0.0861243057116955,-0.227267126494929,-0.0659706507599063,0.134597627295416,-0.0172038451984692,-0.0519407996678754,0.196767624684049,-0.10298401444299,-0.353015359163945,-0.282570694790526,0.166304296367115,0.327547222520448
"3-S21b",0.399142007822984,0.0198160376482454,0.106852729991293,-0.120498157453462,-0.173006399869146,0.0180178164183801,-0.1171030673713,-0.490690175051742,0.105527898780737,0.047794941289478,-0.212640486299557,-0.12930724640036,0.183704768333746,0.048712947933048,-0.405515962538539,-0.207639016503777,0.165466115508399,0.0229509555935588,0.301707199634829,0.415934534670612
"3-S21c",0.34649243794014,0.25783185086498,0.330505870782455,-0.0417373675437785,-0.205523644736366,-0.00414171660696672,0.00793231992474804,-0.218776161485703,0.0160210071705102,0.0223618967172363,-0.139731090960408,-0.108023697089956,0.00128360549318571,-0.0863273722343701,-0.00492365473700704,-0.271849929014873,0.125821879221625,-0.0760494675166991,0.0330622438636186,0.0912206110235895
"3-S21d",0.181840077693764,0.292200174041692,0.316351641098069,-0.338785142996273,-0.175006897271818,0.152111953637303,-0.0860945029428252,-0.222176692792242,-0.120374944006175,0.132592909655147,-0.216049395463371,-0.0430077708951757,-0.104377749007717,-0.232242571219054,0.0128083280228791,-0.0323123074428714,-0.0167310458813501,0.0966478363877854,0.142127916597503,-0.0287994320264544
