"","MDS1","MDS2","MDS3","MDS4","MDS5","MDS6","MDS7","MDS8","MDS9","MDS10","MDS11","MDS12","MDS13","MDS14","MDS15","MDS16","MDS17","MDS18","MDS19","MDS20"
"1-S01A",-0.0784715858528292,0.639453237501925,-0.298439436191243,-0.0963711041738428,0.107722843652986,0.197609446059442,-0.23771742952244,-0.172570466139731,0.431883348162998,-0.0896151228715959,0.0387302076220566,-0.0448590055824761,0.0548689640011262,-0.0663530292594607,0.0939341297464657,0.0562310017465029,-0.0499532050125677,-0.149005812071531,-0.054207745370085,-0.0448580588186557
"1-S01B",-0.0272275371038545,0.547063619009007,-0.294454182230654,-0.126492630294813,0.154085211734987,0.21241102259905,-0.350537430715722,-0.120382419109499,0.509415971292896,0.0906368296940957,0.109988951838964,0.00829551681330318,0.0535904494490594,-0.0738565780073463,0.0431335386176809,0.0904242660875056,-0.0814629876560027,-0.113878948595527,0.0690449268674856,0.00553340561100537
"1-S01C",-0.0348583858804723,0.610968175747876,-0.335237183992448,-0.103490026185232,0.024935273946254,0.178582857489802,-0.225170171849003,-0.137230896306499,0.493448097704465,0.029252969014303,0.0941534262721694,-0.02005047456801,0.0291167761422266,-0.119326728954685,0.0634262256269454,0.00736835841506024,0.00870245804705915,-0.100337812130242,0.0315834028304128,-0.0938084171616501
"1-S01D",-0.0240726358741988,0.639774249122025,-0.514858678916078,-0.0927708650648775,0.0468739900020165,-0.0723610338750582,-0.17427336855317,-0.135787919407216,0.521728892026634,-0.0741891043767569,0.126989499191523,-0.0340565041730235,0.0890027678350737,0.0572244412503593,0.0802570985191219,0.122152350179197,0.0368490741595038,-0.196927393792325,0.0369872322701391,-0.118773820211938
"1-S02A",0.0460486060801981,0.706094054316635,-0.0579013244360497,0.222760468015732,-0.368931030014451,-0.0180071695468022,0.0434049962592876,0.154281921775503,-0.389608827337687,-0.159520111414797,-0.115478948735896,-0.088932801613932,0.0451667593847244,0.185094131199191,0.243546309940103,0.308021675359149,-0.0777741879351672,0.049491988880951,-0.0591972122417643,-0.390223017575164
"1-S02B",-0.0549990308454799,0.698395645433678,-0.0737966260206889,0.0424994220348571,-0.185300660060979,-0.0809407788427922,0.111995180900357,0.160738280734741,-0.131052200426413,-0.0255347101415559,-0.0372915309685756,-0.0806168790202727,0.0904236653790601,0.299466842338311,0.229638490915889,0.237243997069459,0.0301107908688286,0.0262065625044421,-0.0543641808801413,-0.256489299786094
"1-S02C",-0.194529029687787,0.50991845904622,0.049661968722621,0.0349236354696283,-0.227598899991875,0.0071383629614237,-0.0826368461961232,0.13843728920834,-0.272348697455631,0.000834643321824588,0.0207137802677995,-0.0455654888245471,0.0886661213436046,0.187660432345315,0.342284559801605,0.31947963470163,0.035125582355826,0.071414148375249,-0.0860461459571308,-0.252087732303898
"1-S02D",0.0300369008099775,0.723006757300966,-0.139771679043848,0.127569228086608,-0.328530778690223,-0.0956192264570482,0.22767840452835,0.106912417272886,-0.278783172960952,-0.0513201176944793,-0.0221617585440673,-0.169753932309613,0.0903462578693203,0.223535672533708,0.314778571599161,0.231566352645042,-0.00483312129276505,0.0457296051146845,-0.104894700294045,-0.225691078833853
"1-S03A",-0.213328885909368,0.543669577339036,-0.0834761558104748,-0.0655981366095293,-0.268486511795277,0.128953653495537,-0.0965384368238259,-0.0118237502846556,-0.0447733865958158,0.139571979960827,-0.0524785207584161,0.077768174288013,0.307200812873949,0.124685365231318,-0.190961156547891,0.102437277761647,-0.0574065559990362,0.0217124997719274,0.0217047116348622,-0.0519676175130581
"1-S03B",-0.0675041289215162,0.732235025041089,-0.20149521190448,0.124139446723813,-0.376418913445653,0.0290264156882254,-0.113170373880582,0.0564519667731153,-0.219612481358372,-0.0957576613237107,-0.148670356612739,0.0661235647540116,0.356312476906118,-0.00668850748293726,-0.109885014518957,-0.0468331561709335,-0.075961860137542,-0.0945397523026708,-0.0446008550497449,-0.0289875303260438
"1-S03C",-0.0473388914522974,0.679838199215154,-0.0720286887009682,0.154647261554593,-0.453856073976067,-0.0622735449881492,-0.183174150239456,0.0585577860884024,-0.22791984950566,0.00122805813570363,-0.142084377334547,0.140989287709961,0.247742523806469,0.109157005541651,-0.228552570959932,-0.0037265488437421,-0.203868616004029,-0.0854286110808721,0.0513524204009953,-0.052147067555864
"1-S03D",-0.16855790084117,0.608574520985682,-0.202096263821061,-0.0174025183304572,-0.34409351126289,0.00316319871732951,-0.0774235523502749,-0.0198837058814833,-0.110307995540146,0.139955220611574,0.0445829918029427,0.158293143150591,0.286347403286152,0.0421368469538633,-0.0577059354553365,0.0374486789636409,-0.091518315283643,-0.100511560293775,0.0840521376990048,-0.222613657517792
"1-S04A",0.0995398119918365,0.742264745371984,-0.0412458916464495,-0.0270648706041341,0.131694896249305,-0.0603985907419914,0.245767220643627,-0.041702547593381,0.395776606148669,-0.00216941274057966,0.074596126748051,0.149525568804492,-0.0671345704048116,0.0179694617194671,-0.0435867316433094,0.118539438487775,0.053496605645527,-0.097437556486699,0.0484687621701983,0.0474433234849975
"1-S04B",0.0770965345814956,0.693688993285265,-0.070573059653948,-0.106671563221325,0.170638363936376,-0.139053956159,0.22244754106598,-0.206700194249089,0.361422789681293,0.0576003102002482,0.189863987688432,0.145981283612701,-0.0752580820616198,0.130139368996125,-0.203948765509653,-0.0186827145192017,-0.00309259809132819,0.0214181131988264,0.126820418160417,-0.113917325202756
"1-S04C",0.0966439162157505,0.494448949037173,0.17817543348113,-0.260338333837524,0.335379429073015,-0.376154982998867,0.102020097289026,-0.13859080436441,0.057503153576414,0.0164905066562885,0.050688031461443,-0.0148989804207145,0.0240616576287983,0.365356311618943,-0.0635865479650896,0.0155448292505674,-0.157063877615681,0.0057840197829966,-0.111836032788921,0.0691213316455965
"1-S04D",-0.121851822201443,0.5973457336999,0.100486238398523,-0.0146678117325984,0.26381629914863,0.28119962643454,0.0429704241003456,-0.141528569523106,0.380718807327841,0.098263384170145,0.12523020695314,-0.000726158781554805,-0.0424525171176388,0.13543276797152,-0.184216184499384,-0.0331785494705926,-0.0020699502468344,0.0607834186261579,0.00972734995876106,0.0515924453742157
"1-S05A",0.191344281855988,0.904836902367946,0.0137279439674363,0.135623172566782,-0.00972098535583381,-0.131406822295809,0.323713253636089,-0.0666063430306556,0.0673628426868862,0.0335734199236066,-0.0218694247094463,-0.0107513543995426,0.000347496837137355,-0.087993229737687,0.0449254470549073,0.180995705925506,-0.135392280951137,0.292447574683397,0.23801740728082,0.170473962166088
"1-S05B",0.319906463712374,0.869944461533253,0.0453400206078709,0.132293689622539,-0.00346983460460891,-0.0726969808967195,0.415876761952986,0.0558597226344553,0.0506159872010257,0.135041169243705,-0.110035981265355,0.033991570753485,0.0833521673011011,-0.0983967337319075,0.01464187153469,0.121325642025036,-0.248335203976557,0.294902304759045,0.223077389646831,0.140196035622757
"1-S05C",0.215805546326447,0.871520606466608,0.0104703108941135,0.0867848878715089,0.0277798036034708,-0.109849533109087,0.36709520839746,-0.15105281556372,-0.06605861766297,-0.0293721706167988,-0.105361090519999,-0.0631389584585021,0.100561817848504,0.0187813085650956,0.00619742435895512,0.0673443329067628,-0.274689214593861,0.263318016355216,0.297428068540006,0.127888542100031
"1-S05D",0.159883949085518,0.831055352157174,0.0661214820602682,0.0980869005959854,-0.0765222459193376,-0.163108420047381,0.342097163717206,-0.0443533569122574,-0.0632773999562904,0.0384933123377079,-0.0890410386478233,-0.0304734005938479,0.102829441588153,0.0152930999602828,-0.0326445060708399,0.110378137346171,-0.151744476658741,0.224741124725339,0.298670770805613,0.262957228484043
"1-S06A",0.299475733147751,0.606721567903505,0.166021004748447,0.00345701711030932,0.00322768911073351,0.020310700834635,0.341496231468838,0.0543980765201072,0.094321377374374,0.0398831390525444,0.210153497870803,0.469685148696403,-0.031111706827892,0.00305119263783862,-0.306415486986085,-0.145109275625995,0.203976346766927,0.167638375494479,0.0664500868836775,0.0341630255906389
"1-S06B",0.418976660464043,0.956151980248485,-0.543333985665213,0.0976033048799888,0.0247662520881273,-0.257453569425171,-0.433984901716185,-0.0810517553728168,0.375716151903978,-0.163219535844502,0.0532879658604153,-0.059635070601591,-0.174376547643131,-0.137165773993312,0.0619186007548004,0.0025036993296569,0.141970638147719,0.0464890253112937,-0.0129878372603991,0.0725255585779519
"1-S06C",0.220640355295023,0.634262293518686,-0.0279063574584164,-0.0863038924742871,-0.106734101370574,-0.100778932095155,-0.00233560739578192,-0.11134140300602,0.338836035459074,-0.0213713974782872,0.140997750397158,0.232928326076189,-0.0576661548962895,0.0847233480159206,-0.0865844155562202,-0.100758411047138,0.252223458270091,0.175602557086726,-0.206772734627155,0.174350316326978
"1-S06D",0.402548396157421,0.931695954452005,-0.436770301606233,0.0811941589596217,-0.0245677364148466,-0.30849004517769,-0.446913444710246,-0.0731756728350233,0.324642028388188,-0.175015420205478,0.0152425749413575,0.00125428019321269,-0.234474829147235,-0.0141701193498212,0.0560871531716408,-0.086492184173601,0.0883845482593902,0.0807310010617106,-0.0951373179310831,0.0353052401469025
"1-S07A",0.0742521781157505,0.303594434811605,0.338248667705194,0.0191985868515613,-0.270595810472527,-0.363234909563591,0.327743902008626,-0.0590702253739592,0.00321871889377557,0.148343002652292,-0.268408701274389,-0.0190911672607101,-0.160529754640119,-0.109395477518445,-0.125141763112834,-0.0671608140657836,-0.200948960582538,-0.0936909447297695,-0.158406651386228,-0.00946242844066357
"1-S07B",0.078848326589838,0.45139754435711,0.0875745857588659,-0.00368483934140891,-0.471849769184406,0.206974894944407,0.070348042519178,-0.0430999847122602,0.0499786780729468,0.268431550119659,-0.0176526881674432,-0.0199336303939312,0.00637876033142899,-0.268089166365274,-0.277343773772114,-0.110622713861159,-0.0284620996105113,0.091548480508034,-0.22774234227863,0.152952954476696
"1-S07C",0.400669998729016,0.426692735852111,0.193489209528213,0.0674575588256893,-0.516853346031051,-0.031624146634696,0.293103720006355,-0.101603034144829,-0.012625983697389,0.15642495421668,-0.292050561028975,0.38350501304448,-0.0256830906512086,-0.0394554729472805,-0.332368684292432,-0.14186204083366,-0.110549719645175,-0.012834041703051,-0.152828931113091,0.1190544916296
"1-S07D",0.305224846809768,0.478558222134316,0.31060464861203,0.0104494328510507,-0.425990356336696,-0.173648877947551,0.218993808629229,-0.20676649341096,-0.0914246979661337,-0.174256470459355,-0.0578952864345602,0.16449539744216,-0.13409083530209,-0.0108891912793871,-0.194955952479324,0.133865555991191,-0.286949981984178,0.129185538183104,-0.118583041933928,-0.00342188691303194
"1-S08A",0.0430687104721478,0.558198209332824,0.138569830379473,0.0671082695130459,-0.397600164587134,0.248227322876063,-0.517904369686429,-0.0048193330193291,-0.154046462111641,-0.176473090291154,-0.00423097137232457,-0.0386557343303915,-0.0568842207161009,0.00279553848823174,0.0503507034001064,-0.141436571039617,-0.01618499091754,-0.017962473629899,-0.0415257356240513,-0.0124359063360607
"1-S08B",0.277460993701424,0.707319843291105,-0.0297176432811576,0.185214233750848,-0.548717409685604,-0.122542155389496,-0.504062049037737,0.0543589326989224,-0.217742817639294,-0.266267950527892,-0.00680931605474651,0.0441498247766635,0.0134686340904367,0.0469005241582201,0.0168865686607321,-0.223392826310978,-0.0729730496834587,-0.0278243589505764,0.00183861212115618,0.0490422807051928
"1-S08C",0.211090072930119,0.706105834463262,-0.133820692135795,0.213917066021992,-0.560024243692616,-0.0372295227612294,-0.443050887124799,0.0721102047444675,-0.160623885934536,-0.289056585498915,-0.0106984221747287,0.0549139083800342,0.0317579304219105,-0.00406676447210441,0.0272219878592092,-0.205354976914011,0.0217259547664768,0.0522800917606286,0.0468042739727314,0.195620942062636
"1-S08D",0.153504158278474,0.683755802885378,0.0854490310864445,0.257717289192649,-0.549919800172521,0.239387053963326,-0.392799210904576,0.0636902805435148,-0.135091275781507,-0.167337295247934,-0.0218151037689631,0.0696648743789134,0.0140064815050436,-0.0348422993122391,-0.00487409559710503,-0.176316885896858,-0.0756769014454118,0.0335099946808557,-0.0419819704105834,0.128067625517266
"1-S09A",0.436355074123457,0.623805319774173,-0.0672789783305657,0.119542293188723,-0.470924074999432,-0.0984914015866524,-0.395089538432922,0.261925847196287,-0.142451254564521,-0.158721170339968,0.166231357444512,-0.133605187257525,-0.148496675116644,0.0767060910023444,0.0480775919777864,-0.166468167575844,0.391808762870824,-0.2050530220209,-0.00854286869201187,-0.111618909105445
"1-S09B",0.575864684896701,0.600942006487935,-0.0682353375582493,0.0718301066824888,-0.573562697443992,-0.0580220403749375,-0.362555856108153,0.114948100515519,-0.124714326787804,-0.263693367946561,0.122515248905481,-0.183548898927976,-0.145713132291924,-0.159895584216005,0.0142628726490473,-0.0759215444839767,-0.0176279548776679,-0.153974085470353,-0.0376505914759124,0.0543674777495931
"1-S09C",0.518938521732154,0.686917642823767,-0.280593156339352,0.267759289625963,-0.594556981850987,-0.116504900017879,-0.624315754573835,0.130117366728924,-0.265980511539628,-0.303527888645044,-0.0806691333826283,-0.176687681511279,-0.0831487234561252,-0.0851939294001405,0.0561314236947459,-0.232642425158873,0.0896582212721343,-0.0336580632203572,-0.0458925338174188,0.0680884127968293
"1-S09D",0.635372471840304,0.651567943539632,0.0182535510314761,-0.0589130084752909,-0.364844741552874,-0.00212007738071294,0.00123893484010699,0.159245984235116,-0.136775278160034,-0.0708256150263814,0.142527199965847,0.0496501272541902,0.0311418417131951,-0.276615460218336,0.18069133804511,-0.0899573229202204,0.217562484181009,-0.0781446176938287,-0.0273168170038287,0.136970800668299
"1-S10A",0.729158469540807,-0.573697548683909,0.124173795711796,0.0432525624555452,-0.0654894782282355,-0.282367130617057,0.125423899226061,-0.405332895721647,0.117078034592444,-0.227950584824757,0.0778413236968523,-0.428913938531536,-0.299595211322252,-0.203411927459907,0.616744387428251,-0.462788843843095,0.309356690376518,0.372899392333178,0.41010747770547,-0.235098681854782
"1-S10B",0.762119872224529,-0.374918433125128,0.142937293177636,-0.0680674759637226,-0.185758259971664,-0.21209757715069,0.0955146961812732,-0.367402384066122,0.126035961663544,-0.111203795694762,-0.517367268335519,-0.373337047475459,-0.275049100526879,0.27311440008597,-0.201460173075903,-0.271956565577826,0.0952698966765774,-0.537113924365164,-0.210026165830123,-0.19653154896655
"1-S10C",0.811895643483896,0.0570276329133642,0.147669432285551,-0.318865888249054,-0.150378090207491,-0.0699059478501984,0.0138611944497827,0.148308134390951,-0.0249985704133284,0.282237946029677,0.406047716774691,-0.215098723924586,0.0399225720216126,0.0860444051497673,-0.258891637314007,-0.0125051208840526,0.115465958257704,-0.250295926816317,0.142688035122299,0.0599845514998849
"1-S10D",0.869702861538655,0.0334149130708571,0.173216093380033,-0.378958605332439,-0.0962472275935982,-0.0961816115724914,-0.0875202458494268,0.0525452190686776,-0.148995549493241,0.0491918307130381,0.364760007483662,0.0881743486056551,0.126165765405224,-0.0493671477600584,-0.268633845604772,0.0694050233265526,0.164917170171095,-0.165071214511754,-0.0322311865748296,-0.0915713421776307
"1-S11A",-0.18792695396524,0.431041660004253,0.210858423056617,0.294160614230395,-0.143442673343858,0.384840392315161,0.342666750085495,-0.00370118226810532,0.0636572570327093,0.464035632002316,0.0013331615753594,-0.308711894808849,-0.26938064328987,-0.0661892475842756,-0.151851317024019,-0.169360150269323,0.0697335599912404,0.171277347854547,0.201064833418667,-0.21138066811549
"1-S11B",-0.140668461344173,0.552871463156603,0.231026673260343,0.270536479976169,-0.250696145956406,0.308694912607994,0.400697685344126,-0.0742151072342192,0.00732561126865706,0.364840349249948,-0.0180237937724699,-0.133859277601439,0.00823562462661056,-0.105783019394732,-0.0729548753767776,0.0147952656681903,-0.0166583040098924,0.231798230453791,0.172632438007079,0.117274421118485
"1-S11C",-0.117412189365999,0.532631691292094,0.275923985761622,0.266268961197938,-0.281342421426607,0.19981625132887,0.445953708245432,0.0209666270256922,0.0120815461648994,0.323105858121565,-0.0964110199793737,-0.068285004573865,0.0143599575224309,-0.0442573284695321,0.098399990778998,0.0409834988763314,0.0875523330263195,0.018320972819688,0.214396932563487,-0.129072935715736
"1-S11D",-0.165570359077089,0.398024834387794,0.370478201444365,0.13125569642545,-0.25738828860139,0.232915191689293,0.356933850356311,-0.176987698335558,0.0292344991885976,0.327442905499684,-0.111970305241142,-0.022611083263619,-0.125123952750081,-0.0855563799871949,0.0326527244457375,0.0722724722391277,0.115127878051162,0.158895735528827,-0.0811042108240041,-0.173380487837584
"2-S12A",0.0766612652312138,-0.511613897219457,0.221459288392956,0.115661182049269,0.128300693736458,-0.620503889150249,0.0615355193564401,-0.244857935745609,-0.0524180176562492,-0.478017688720337,0.0806532727497825,-0.47340227217575,0.134441537026044,0.399927031251595,-0.298549825585165,-0.259431280649038,0.12139681006394,0.375180003352336,-0.153438866525502,-0.0238292050222572
"2-S12B",-0.242437600850571,-0.305216031993332,0.453146901837659,-0.0304721112921946,0.0814848479108319,-0.443320136732702,-0.0707750582709795,-0.12162937233275,-0.0461948556714445,-0.25785000832636,-0.141514742545219,0.0804601926593309,-0.107369176789126,0.458459056261587,-0.179063984469492,-0.0372329725985988,0.0412741404743077,-0.199179967061447,-0.0150362359060744,0.106265956934909
"2-S12C",-0.347754517047927,-0.239626664083944,0.34280941800053,-0.231614537011876,0.0624400202854225,0.141139081300178,-0.303645128403005,-0.133483206733884,-0.00449627563904864,0.145487488642081,-0.0225959235464416,0.0527515935129834,-0.0129868707366628,0.100478776493553,0.0788437238595348,-0.183604823213519,-0.103113239106335,0.121283967175748,0.0859953036901593,0.112215698119827
"2-S13A",-0.383362644207906,-0.266122172324043,-0.798847635598262,-0.121345439486247,-0.0289877833553592,0.332398897586856,0.273747053908601,0.0167451397262927,-0.0790901969488416,-0.340532213782964,0.0600502567440906,0.0784936773337668,0.0765376570525908,0.290327791532993,-0.357805772632022,-0.00451995890028402,0.201674320772575,0.237148715988275,0.233523140228567,-0.106179390376521
"2-S13B",-0.000436589765083982,0.138142619198087,-0.647687481678026,-0.192071191501901,0.433367565221277,-0.0227947353239242,0.0949722801792096,0.116658258961084,-0.441745413843777,-0.0644558289743907,-0.121006971731271,-0.295908884400124,0.536670149899088,-0.172727642958701,-0.169729015486105,0.43629926487392,0.235061363852603,-0.0337427332245711,-0.369548538746208,0.123939443265576
"2-S13C",-0.17207211421519,-0.385756550384341,-1.2588667243951,-0.133215107967467,-0.114136314595618,0.131520496072489,0.409555838173473,0.0124441063892151,-0.13637085939641,-0.29625949758714,-0.0157480686747699,-0.0226451741381232,-0.200329598896724,-0.0562018306809294,0.0615464068960834,-0.112873077410216,-0.0268106700534935,0.070749672186844,0.0151633816652046,0.1391435048065
"2-S13D",-0.248348246988941,-0.358162156498027,0.231520115242014,0.0204487005244382,0.193854171431277,-0.214876530959946,-0.426758258739686,-0.0139873574778314,-0.174288126030509,-0.0162196736915792,-0.261019345722453,0.461572725829416,-0.613683958635797,0.219052615327647,0.0527733092263268,0.15563650761495,0.00827221450850185,-0.124113182365993,0.269295543543174,-0.14129297370896
"2-S14A",0.331840629272149,0.615995077487912,-0.41594012051314,-0.208710003557624,0.744974459650971,-0.14553136905577,-0.222985963535211,-0.2037392992039,0.676594057498852,-0.00018446130798096,0.068271473083727,-0.059513115184168,0.009697093094179,-0.0163155492049585,0.107269166055731,0.0221733406542357,-0.0589792662525255,-0.202357045254523,-0.0185321861847442,-0.125536951404602
"2-S14B",0.0122922109884235,0.0181115487636176,0.0551827798333331,-0.227327545952298,0.29017214332754,-0.444656502426137,0.115799735686611,0.0986985620394226,-0.145684571889238,0.233842035361895,0.282075342745725,-0.565756116256875,0.289306752983377,0.374831377622548,-0.0556512369505659,-0.205472675865257,0.0883093658187214,0.0939543659767643,-0.00564524584670787,0.165737446232471
"2-S14C",-0.0685137099700079,-0.0694297511103566,0.0742293485746898,-0.255443078482321,-0.0116050135137945,-0.198916357203551,-0.115114255804479,0.244230439050582,-0.103131869610673,0.362224761430438,0.273093389635113,0.229399761183105,0.0963529123042526,0.297486836828506,0.272902837818917,0.0674943062091588,0.14658430902625,-0.161419476104239,0.303789783649732,0.11207186980928
"2-S14D",-0.266936220984699,-0.116419613011541,0.231195287220101,-0.163608124523746,0.120027798409251,-0.0457955943575581,-0.294552767138714,0.34036539678953,-0.0715066474799709,0.232647449666806,0.127922919466152,0.191719659611293,-0.0992901610359735,-0.0177814752878581,0.027386139312768,-0.0657815841763393,0.0316258600484804,0.336161039754341,-0.0439917546059682,-0.0875647338303581
"2-S15A",-0.492220453888598,-0.311406553941831,-0.82178212587912,-0.104955145529942,-0.0615195314098391,0.521818067188194,0.212191583620832,-0.0200657244046342,-0.0755574073981859,-0.22658084305494,0.0243670462189944,-0.0221547847624947,-0.176642852305013,0.00903054151575045,0.0557482077313149,-0.14023380974297,-0.0402502669362919,0.0879357642910264,-0.0898963567322469,0.0483592361643969
"2-S15B",-0.545093071435872,-0.314859436578145,-0.70444904473482,-0.163941203193346,-0.0506924091273546,0.262638748144402,0.184128290615204,-0.00019500580279245,-0.111991126703125,-0.286715650749726,-0.0191806504135054,0.111947221882413,-0.0789036486429945,0.0568608420952001,0.0639460833943765,0.0501366089204056,-0.0303902936444268,0.0032784378242829,-0.137763555655805,-0.0896920865251608
"2-S15C",-0.396701680455572,-0.26387609167173,-0.848043188591551,-0.22005531103182,-0.0378770634902778,0.167445141280017,0.338311572330628,0.00349802486737879,-0.180145568890187,-0.340632643429817,0.0147361945213627,0.0930818375137779,-0.151330232631665,0.10287296183389,-0.0225026063742802,0.013949270571085,-0.0271841730185094,-0.0494451282762728,-0.0786089676176497,-0.123556624397576
"2-S15D",0.213720860597632,0.575974146206477,-0.422449277196796,-0.23123743831236,0.819804726028407,-0.208866623188893,0.00259877874665779,-0.169325431794529,0.348826398030974,0.156142675148183,-0.202152880834083,0.1802218672205,-0.0648601327844152,0.0857891960666081,-0.163363419359771,-0.0644541354517412,0.123201211444948,0.0182285280411285,-0.161368744282281,-0.150883408286876
"2-S15E",-0.549679664125385,-0.189523150097803,-0.37640588051122,-0.267857657386571,0.0289967310663571,0.342293121175778,-0.0738981892179868,-0.0526161770177478,-0.0811655856421107,0.0256405149883489,-0.0317878467388882,-0.0887536063949021,0.0829128801117059,0.0317356676256511,0.0969104853613022,0.137183291244682,-0.10339332543683,0.0424968668261256,-0.0504593685553878,0.0319466775260096
"2-S15F",-0.0911494973977809,-0.0960579325244888,-0.0805968469278074,-0.301740311404141,0.103163845131456,-0.649482110016176,-0.16876684034032,-0.0785833905381732,-0.308517452875047,0.353071007356271,0.0412713901270994,0.101177806373964,-0.137672348568051,-0.0393326820514011,-0.135830702869249,0.165315546117591,-0.114821530081893,0.297217630831675,0.262953275846779,-0.18293722119376
"2-S16A",-0.139116115734519,0.171194387647707,0.420446503068717,0.249163608330065,0.00231072852711173,0.0696843542649166,0.435232345749478,-0.00128895731808443,-0.148378910374233,-0.0156275812726258,-0.0239793770552683,0.25964114973213,-0.209152393596694,0.305668825801966,0.0906719647108084,0.188779992788203,0.675757274395529,-0.138962128488296,-0.137644256520325,-0.0590465419026406
"2-S16B",-0.36193618658566,-0.0721523912585328,0.522232922522741,0.290076860729204,0.141094174329004,0.335906897183365,0.117515921240374,-0.0719984813607309,0.109168808891263,-0.171959921910214,-0.29126289126915,0.40801967754672,-0.225567485558275,-0.148660611976533,-0.0191810419939736,-0.0995008803751596,0.201414435535596,0.139692774510766,-0.166876626624762,0.36749918357177
"2-S16C",-0.272387917408768,-0.071417903634061,0.362138244047513,0.186929565134816,0.167180908745909,-0.0820231682668395,0.183881964607249,-0.0151096889381252,-0.0841915865148202,-0.397546215278838,-0.316942338362571,0.192485519977433,0.108003225184025,0.0988990030230406,-0.496819365566066,0.118231147978454,0.392509098098826,-0.262280433995988,0.28307263381262,-0.17138920622098
"2-S16D",-0.419570478954142,0.100251549955798,0.239401331114742,0.0203979357738563,0.30389169204276,0.244221530254867,0.176261656053859,0.0283234474528931,-0.152315434590053,-0.397168683304113,-0.265001274412398,0.122216238091117,0.0886941335214887,-0.136553591519419,0.195620999059282,0.127423680132577,0.136917675338193,0.123801741277223,0.0908903611919661,-0.0590558058762482
"2-S17A",-0.228443112692187,-0.110079395249406,0.132457008747173,-0.0300795496220281,-0.19321780723003,-0.145772464972319,-0.104894523865707,-0.111870168824169,0.0238744119948038,0.53889694530431,-0.319735968576661,0.354834983668316,-0.240873905277502,0.140480390463416,0.0849120005837999,-0.154513622834577,-0.292592446753087,-0.340135460938472,0.114549896500075,-0.242579147930723
"2-S17B",-0.0220503341551625,-0.457926348063434,0.0639561093802233,0.623261934573968,0.11842823196753,-0.75200468609459,-0.190970439888919,-0.107130420846592,0.232646921293599,-0.525077795244707,-0.160248620531663,-0.185632377508785,-0.182457574380118,0.0245504689455179,-0.470012081305583,0.344594926270198,-0.591698248438069,0.0642347867631195,-0.0885625248373353,0.185769856930963
"2-S17C",-0.338517989478309,-0.218184572903929,0.385362120995216,-0.0711999568047998,0.0393571991083409,0.0428950051884019,-0.0806883867233291,0.220508314766399,0.0534863339387853,0.0456297074830251,0.0994046298968174,0.0579235974047772,-0.0665207772653794,0.20303050345063,-0.202484586191262,0.0180337960773332,-0.148216579917299,0.309655433583051,-0.114272132426048,-0.073799474330074
"2-S17D",-0.421629894910851,-0.0784619444255558,-0.222352025380758,-0.100047318894508,0.16267046659622,0.515945786622513,-0.310146180093651,-0.0107402607362576,-0.114305817275991,0.191265877389161,0.0991161173742693,-0.500447522593637,0.00913290931642754,-0.0458518240535234,-0.298868673776418,-0.0513480678146867,-0.162935827703042,0.061850493688799,-0.224302801212608,0.00307898811201207
"2-S18A",-0.165748847342189,0.302387905623545,-0.807639483207479,-0.300743412537149,0.371479117063817,0.0215965270957176,0.242997937312009,-0.0804749318583808,0.177984337675017,-0.161179593586766,-0.0179351942219895,-0.0127460067830314,-0.0872020753540874,0.0376132338360633,0.0539651914791982,0.000345394382785597,-0.0433187965832613,-0.0767210969846872,-0.0790159795977451,-0.0632745399831176
"2-S18B",-0.307410371022842,-0.00515742844990413,-0.76554724589597,-0.345269003815791,0.145694547083152,0.0357806960332523,0.250700192829178,0.0607139431730781,-0.184062072375528,-0.210321062421156,-0.0292846240778716,0.00200775187210374,-0.0302659192316709,0.0966091937732746,-0.00587764157988911,-0.0454029339972663,-0.0923762402986981,-0.0602199881653253,-0.0559542370128724,0.0207615056372481
"2-S18C",-0.443761164900944,0.0473768427102477,-0.51005634191356,-0.237917410782299,0.167445068648274,0.422852404261322,0.0930724343341708,-0.00913293495567155,-0.107926365845477,-0.0835331369432055,-0.019248070897986,-0.166856931170372,-0.073682365856754,0.0739323819952764,-0.0638302569500139,-0.0794652122642786,-0.0849490601901671,0.0137303037961528,-0.000599767050843375,0.0214761002000935
"2-S18D",-0.00346570434124044,-0.0894058369815722,-1.28070387850525,-0.289887944586153,0.0342376985787237,0.149117825872348,0.374320371727671,0.0760062028560668,-0.246080714761396,-0.171426701741389,0.0397567463423228,0.0115401152469185,-0.171811197450054,0.0928415622839529,-0.00183564141332473,-0.195394519504771,0.01493386852832,0.112701499479239,0.0877280617325132,0.105884915962046
"2-S19A",-0.544563919044371,-0.168077053154338,0.33829784551528,0.095450806429495,-0.012436641526775,0.347669148507293,-0.176181975212194,-0.0780272063284598,0.0658050799232792,0.148493775691078,0.130101922400406,-0.184692220587216,-0.0981990835840268,-0.0767754185018278,-0.166865903986844,-0.0129066618272976,-0.0319478934211905,-0.00149543370679133,0.341131044751291,0.0723222539732157
"2-S19B",-0.490034051965662,-0.327444315350867,0.398012888224219,0.0663666214387521,-0.0572968833401128,-0.220612227141964,-0.16014858353869,-0.0401788031757715,0.13588962371746,-0.0649891285402508,-0.15918613393253,0.115023259038558,-0.0620306301593025,-0.123600294320265,0.180172116455084,-0.0875943113452767,0.0191586544321993,0.270678628034755,-0.229292647906472,-0.191256040869916
"2-S19C",-0.396117945748157,0.0427623601340129,0.335701048855503,0.0905697344517453,-0.0638992433741635,0.411757443625197,0.0978166683057628,-0.14436275780734,0.0187763619774535,0.213114882658247,0.17241499539314,-0.312312892829835,-0.20893276301444,0.0930916286244059,-0.166892115603423,-0.17382704418428,-0.0562681624037542,-0.059477711019839,-0.250070020286166,-0.134655224847287
"3-S01a",0.894796922785614,-0.528776414203921,-0.396863642287179,0.828349417183133,0.21297636756651,0.181012861462437,-0.00257236931187993,0.25617741676304,0.244296466739628,0.141025089093159,-0.833627687675594,0.0815757274562213,0.817270059119727,0.110230235667721,-0.074545867360591,-0.404988922245281,0.0591769593260751,-0.0963258715053382,0.142649706669951,-0.238300939476081
"3-S01b",0.822240043188727,-0.46621585867305,-0.218180981680047,0.668511873556441,0.231397944969697,0.108171226321992,0.0476000337782661,1.11917872006638,0.302488629966419,-0.0269080722798525,0.588944084413123,0.210259060668224,-0.224135352054225,-0.379908314032337,0.00689330037820776,0.242987140130692,-0.360576346360509,0.120600396523406,-0.0172402126306177,-0.264319643146939
"3-S01c",0.980029266626074,-0.538251385306783,-0.217015611201003,0.653188880804997,0.254909133163736,0.127562240064553,0.0677187638649066,1.18218664011749,0.340342057330976,0.157467124559448,-0.111077193723859,0.116446068787275,0.303847290591377,0.0114149260994864,-0.132129127088732,-0.254993442201942,-0.054934225078065,-0.0923276051692865,-0.0435053176691749,-0.0427225908401132
"3-S01d",0.626580244495421,-0.344615372386353,-0.404597524152084,0.829305887838612,0.232515458987342,0.0385724861115441,-0.153253164800254,0.978119145776357,0.153942936236448,0.227408623969623,-0.393125064261401,-0.516568634698441,-0.790047539702087,0.343859687032629,-0.18048354694336,0.320231702067038,0.181183009392122,0.244280516150114,0.00229853835010944,0.0468004932689905
"3-S02a",0.578445838180507,-0.379578772256309,-0.556105994762873,1.46799874821598,0.495173827450913,-0.0738140628468065,-0.136728983510047,-0.594351934754598,-0.421688106955989,0.270963291163139,0.26954393791278,0.0989237234253751,0.0453777301736798,0.0598659064646848,0.00309751662734689,-0.0213439374495205,-0.0122694146411033,-0.0249838229598172,0.0330485029811692,0.123603697028935
"3-S02b",0.578069669096105,-0.377250452314004,-0.55379331436457,1.44449119027684,0.496998297482035,-0.0507669320835636,-0.112800272422069,-0.599148817480894,-0.4181495575747,0.269518810050094,0.360812374428893,0.192711352462795,0.0870627076985265,-0.0118290563500316,0.0942407321814092,-0.0356742421102741,-0.000418907618135358,-0.0413559656146557,-0.106996801423229,-0.0156329807799417
"3-S02c",1.05464571080363,0.115906358978228,-0.203883269099796,-0.411022983950001,0.52107502479041,0.0598992119125566,-0.135139874105792,0.212067426504132,-0.124304735541582,0.33646768339517,-0.199952786847408,0.0179475631190283,0.0386839065931497,0.306670395379645,0.191278808342827,-0.070069561914829,-0.0640122897350067,0.144546875940007,-0.0189930687389518,0.239927112255122
"3-S02d",0.578144882314184,-0.372402575039876,-0.555532592867533,1.44837581670728,0.49338217979118,-0.0526729953281594,-0.119300240796218,-0.594420025494797,-0.418363133052384,0.269760645653536,0.344739667075001,0.176166322601447,0.0785208220932386,-0.00531016547076333,0.0813243292547876,-0.0429286729917591,0.00909130398339577,-0.0403573568399032,-0.0830328475272212,0.00747047244678182
"3-S03a",1.22489812715564,-0.243119685417598,0.0532812143495742,-0.43641890276368,0.0972984208003673,0.231914580465913,-0.111749080491818,-0.116781247994967,-0.261640641409895,0.101360090943648,-0.1666509934246,0.0410473664659261,-0.0478576716567115,0.072330477850093,0.0171901907855568,0.198286522040618,-0.274948397671139,-0.126049229778906,0.0269034834673493,0.141264780917044
"3-S03b",1.24837874926825,-0.360112269692344,0.0701817784268985,-0.461343121335879,0.0956839401201762,0.180416413444216,-0.0941744204638654,-0.0235486869963937,-0.247289314344723,0.161296336316584,-0.137034392655384,0.0839394771278194,-0.0383729308742945,-0.00259823817184008,0.089352402725567,0.111172573532234,-0.0673987963305837,0.0536656971593659,0.0273223934623406,0.133350788585217
"3-S03c",1.27566633778312,-0.39382089358491,0.0494692633799628,-0.403953462867709,0.0547175471042104,0.300967986070239,-0.0689196706125847,-0.114931413279873,-0.236529672973574,0.116485255385076,-0.0100736191005611,0.139726086400359,-0.0428102317984281,0.148537641723321,0.000833222321269875,0.09949339253959,-0.0858553846837015,-0.0645593826903926,0.00968672329396566,0.308224799026908
"3-S03d",1.2657614886959,-0.295509230716319,0.00560478786277641,-0.398534748757473,0.0925838091862423,0.283703606485762,-0.108876668933628,-0.019045420209677,-0.247474825958238,0.236329237914838,-0.111505043958776,0.0840262735223131,-0.189517510200668,0.169718686978646,0.0234036546050826,0.202058855768515,-0.112312426689541,-0.134323723540778,-0.0547669358024853,0.229018618205712
"3-S04a",1.12026538032973,-0.4684667846326,-0.120107721951556,0.109404979464488,-0.258546420830095,0.300861005615923,-0.0838258603622171,-0.327593901297418,0.137155626296576,-0.0831487768079722,-0.24024973590477,-0.154889577086187,-0.0454685499433056,-0.328458356881059,-0.224941596081585,0.910042607012966,0.382531473620383,-0.099058381156936,0.203757669803406,-0.125497731761673
"3-S04b",1.29318005063737,-0.660186508211749,0.048874603635657,-0.229189440249887,-0.095390042782773,0.21984530005705,0.0275122672039706,-0.0415040274498612,0.0989462400277407,-0.0317723076160956,-0.170656937974288,0.107268154847298,0.110905568175892,0.0937331115873498,0.323718970401991,0.00449566626604181,0.0336339240496076,0.123156910981034,-0.0813593721460082,0.257343148330177
"3-S04c",1.27406358061197,-0.533801247530042,0.0899117410825105,-0.345734796329731,-0.0269210629593375,0.269444341512224,-0.0486927011907494,-0.0598267478726607,-0.0609639159983615,0.0438988329453735,-0.088481723909743,0.0050318564979616,-0.100953996023777,-0.0800456684791455,-0.0321426446299627,0.328772429890946,0.164117578241497,-0.0579435175594268,-0.0039362700265736,0.032179233647975
"3-S04d",1.2444813587239,-0.738063573070965,0.0590378270750649,-0.123915873892116,-0.125028329257205,0.17391719367597,-0.0135334798035546,-0.00681377940017477,0.20832131328675,-0.126848133045354,-0.339719341000144,-0.00272347535817087,0.174225271134382,-0.0615989269110526,0.241422927664461,-0.153959776324985,0.117802535210766,0.259376165189876,0.0825078596238155,-0.14583873621774
"3-S05a",1.12791857101888,-0.731705478287542,0.136178299652434,-0.112161985822099,-0.136173040620811,0.0138640387680956,0.0064991083961369,-0.0738205501339147,0.243848190268973,-0.175075360122531,-0.17577391862377,-0.0721947895813001,0.356159413294412,-0.0289059964665933,0.267878614848605,-0.235655324092844,-0.0568439333666664,0.264476373157837,0.00867457479967554,-0.0641837090021914
"3-S05b",1.21363188495544,-0.449392299033008,0.178667009959097,-0.379983264530726,-0.0053024876357055,0.108562808266546,0.0376931241947005,0.00947239885336539,-0.0717488963249217,0.0185138933357007,0.216379205792912,0.0769920056507929,-0.0450373338850977,0.0121470482478893,-0.045713360829632,-0.11150969946934,-0.0883075924198098,-0.172973830263749,-0.114246467267162,-0.205224526383724
"3-S05c",1.11736867076869,-0.505554691194058,0.260595020034564,-0.343624389443744,-0.112754662512543,0.07597103138194,0.0764660167032028,-0.0603302570228236,0.0227747755007975,-0.0527106273776979,0.232130458491449,-0.0115350858155125,0.0273268810493984,-0.103711403261105,-0.0625146885254927,-0.0611623575821188,-0.156960956079268,-0.194683452239692,-0.0154989909953696,0.0497611670672183
"3-S05d",1.09567569072475,-0.43992331992739,0.127171940609364,-0.365241626687929,-0.267763692461886,0.0311651607450364,0.094353819713752,-0.0810688652896253,0.000186288194490035,0.336105448763621,0.192405168910031,0.0442356913130618,-0.0255817053854758,-0.0729441822632608,-0.096820484920442,-0.0235705330620716,-0.131521369427154,-0.221977759993346,-0.16923368546198,-0.0260474833004895
"3-S06a",1.06351800651206,-0.445244370378141,0.256384425370285,-0.41467995354214,-0.096559714382775,0.0950764665165508,0.0442287802432498,-0.241512180795507,-0.0520891896044566,-0.0158737777270498,0.324851051413298,-0.0127160963743764,-0.00353007687083721,0.136209488752961,-0.212655585867147,-0.0563004521809204,0.0115424310037535,0.208495838131525,0.134343215417666,-0.176862801811676
"3-S06b",1.09735212774251,-0.676090563736502,0.173930128371081,-0.176984618289817,-0.250732206835561,0.0683892096865729,0.0525752083823301,-0.107951425530111,0.253770588787677,-0.231062350810319,0.339768874421169,0.0315978800067226,0.0290491589781154,-0.222841254810357,-0.236643723946004,0.0297107370895882,0.180174544484485,0.216340501368881,-0.232540991718846,-0.0404756588234906
"3-S06c",0.988108117821722,-0.662951454938112,0.37385583635747,-0.0895306024790554,-0.201422625101716,-0.0292022165337957,0.0904105261117941,-0.116565348921222,0.283235161208246,-0.326721381437093,-0.104881675045669,0.157644576760037,0.00351941199044683,-0.064360729299187,0.227857070464758,0.0390856785951611,-0.159853996303019,0.142193327182238,-0.121911854096877,-0.125075044848722
"3-S06d",1.10714182180516,-0.656081090104465,0.221268371054543,-0.217136965254306,-0.313826542723924,-0.0164956956187955,0.0894095368781882,-0.242026018473984,0.191601096241054,-0.112334668816613,0.217675742110381,-0.033223856667346,0.201279314172564,-0.029482154821216,0.0586290001036143,0.0442732150611838,-0.0354223547190601,0.123387028797402,0.2085558562613,-0.170789309842715
"3-S07a",-0.526098608380038,-0.388416890524601,0.306564062982679,-0.0668459619767171,0.0883548101932752,0.0326741189885892,-0.314288274779383,-0.0478876752127597,-0.0380001507046918,0.0172438980538947,-0.140547096560584,0.0596277282619043,-0.0449076030119992,0.0927412435832324,0.0854308719938458,0.121566624199313,0.0586410445095363,0.118869417420627,-0.00102401089135099,0.0844760165645804
"3-S07b",-0.658979274628393,-0.388021693198359,0.275679658367952,0.143807505072012,-0.0724476007441915,0.0385638839543264,-0.300927902111843,-0.0452493902115154,0.18232818601104,0.101152352905461,-0.14221997828323,0.0177033182005099,-0.0131298637348773,0.0947484251590933,0.118648340861107,0.100301358831218,-0.00935425148456422,0.217336198052322,-0.146488118054898,0.11208994670185
"3-S07c",-0.502677988938773,-0.537830110435009,0.213654130139694,0.033417617658829,-0.148583928288195,-0.450647862457113,-0.217882175535049,-0.012660820205813,0.0843887920517706,-0.0787599151143484,0.0113414954048911,0.00563332774225214,0.0207284228829586,0.0896838408712378,0.142720333120366,0.120198340455984,0.100090945844885,0.104889577818229,0.136109815730287,0.0471858321280662
"3-S07d",-0.640339025940168,-0.466579885512821,0.306872285191418,0.194771827235476,-0.134616263822259,-0.158583968682935,-0.286050400340538,-0.0506665028574577,0.16416614926362,0.0438038692047082,-0.11432914393178,0.343140622006384,-0.0710153253203912,0.0435059175523253,0.110428555843531,0.120728848284275,-0.0874428128659962,0.0132930853512641,0.0883333916554331,-0.000149071667725226
"3-S08a",-0.526280134201552,-0.0706106060527277,0.16413228769856,-0.132158959883085,0.135210866618025,0.0837464928001807,-0.0254271902731563,-0.0132600645829044,-0.146364523555643,-0.0453154806733286,-0.11089009152584,-0.009568959368245,0.0688821488889976,-0.0401497446789936,0.165232788255473,0.146201307030999,-0.184834933409427,-0.103883236452786,-0.0388665977252956,-0.0554181430709141
"3-S08b",-0.195403370347076,-0.13251259320247,-0.295664844487004,-0.429059737527994,0.309665456143655,-0.269997671554366,0.00686608230180132,0.00302288475618626,-0.328857848232506,-0.013640840775285,-0.0509248395126401,-0.325649132333459,0.214131674028002,-0.254867863354384,0.154766997814621,0.185544345039502,-0.314182168604105,-0.0401902101340618,0.013204811424336,-0.0517889245318241
"3-S08c",-0.548900998938532,-0.219020744109952,0.151610949500585,-0.119467422831076,0.0168761232350292,0.0482279235170517,-0.0216480260505214,-0.0476840390420286,-0.0640820165750766,0.00876305798766604,-0.0704481625714889,-0.0601671115983638,0.0611455226800458,-0.0469562078955397,0.12031068052811,0.142551313226923,-0.173295408812219,-0.144594441404829,-0.147340272407814,-0.116074857309318
"3-S08d",0.0665281042358824,0.11898078255012,0.230742487014186,-0.00505413526415297,0.624843026078281,-0.116805395639956,0.0288457458249158,-0.0514489388151019,-0.39737563740996,-0.288227862434079,-0.421941985083792,-0.0473561386929546,-0.168738401974186,-0.583961439935385,-0.171877624940606,-0.151107332734203,-0.0968687283622373,-0.309016226563162,0.349804885594145,0.0101956158328732
"3-S09a",-0.460881213513666,-0.106039036431409,0.486578279921954,0.155926449459621,0.0202456342800736,0.439333029975786,0.099832757352275,-0.101254768331488,0.113234898815798,-0.0613483546074324,0.130146743573437,-0.133265239655769,0.126448839577964,0.190405920374751,0.112047680838721,-0.023399156950863,-0.113638618854966,-0.0482525199822795,0.126718717621152,-0.0274098150942314
"3-S09b",-0.424717214938491,-0.117241051048061,0.510437424304978,0.152705130384899,0.0192488975296883,0.509987833080592,0.0440549195513269,-0.124788028049154,0.113004172772625,-0.112783118314245,0.129045520084009,-0.214689343498688,0.0631695692451805,0.0332236047435129,-0.043193421566579,-0.0601736700692053,-0.101590108987568,-0.0710894384272723,0.115316468659576,-0.0574641121493239
"3-S09c",-0.478358691297961,-0.043287052101389,0.474746488833108,0.204029633054741,0.0995345524036107,0.363520053327739,0.139018663409427,-0.0180174341512713,-0.0478582186801925,-0.277097214568069,-0.0735476506681996,-0.0442327942240445,0.0474725595032725,0.0191380647621106,0.274959149207242,0.099836054515026,0.0161051176079613,-0.136017956856579,-0.168517118382727,0.0162176334084125
"3-S09d",-0.474164156380785,-0.113372344904585,0.446541119556256,0.272037596166999,0.0861954378347319,0.550681914769059,-0.0997834829701931,-0.0187154146959534,0.0609938602148758,-0.112917343154506,0.11042232298913,-0.441747730681244,0.0192808226282727,0.0948323371711635,-0.0648039248654633,-0.053742128579566,-0.0578291004253386,-0.10977958559713,-0.0379887880540682,-0.116374129820391
"3-S10a",-0.48158192365869,-0.189221525190098,0.545262814495758,0.217665542027764,0.0703916915758589,0.244153569001398,0.0179744209033871,0.0457323110096985,0.162537387130125,-0.193694712844135,0.0583313089669121,0.0267155526024499,0.190652336669777,0.234305749733766,0.0609403623939354,0.016933595269838,-0.135727011961771,-0.00566331549253941,0.055790202474926,-0.193351868071892
"3-S10b",-0.420315361172068,0.000446639612319334,0.518982632631608,0.104266021957171,0.0853399559030096,0.41870304535287,0.0595160789475181,-0.112280541556451,0.0149863221069326,-0.129038301059756,0.0947197258843799,-0.0891696974239652,0.0174779483632605,0.174446154251504,-0.00096848034196551,0.0318393866147496,-0.0810485709571554,-0.0652229684012762,0.136541284930835,0.0235774369051285
"3-S10c",-0.386194770916602,-0.116075488899732,0.513445203697149,0.120103578612666,0.0810310583655279,0.499164992662243,0.0166469095332324,-0.0229424996602067,0.0574852441179954,-0.0494288165641843,0.0863212667153994,-0.221162511591941,0.0133089469804042,0.228233185924332,-0.0291763245798735,0.0161943412422731,-0.0713959432050646,-0.0783455214263793,0.0771264419038993,-0.0190160517646809
"3-S10d",-0.542082650511259,-0.133663653924088,0.0959245658730773,0.153918721564937,0.261062030002692,0.471814305594348,-0.229124666005426,-0.0357881613210956,-0.0478262034287998,-0.151418815513712,-0.266237030499947,-0.127516140674173,-0.000988327958190827,-0.618320956069581,-0.186023361855663,-0.141174747923981,0.0330640696705222,-0.0723981882789169,0.168098659675702,0.0656531188197692
"3-S11a",-0.0112622161728133,-0.055896422655554,0.585852608217072,0.420504316520191,-0.149885753189978,-0.140262991032005,0.701911676852068,0.109679843401671,0.229336493518929,-0.243962703293163,0.252995187864045,-0.0415773889621046,-0.0337298497744966,-0.0790268018234913,0.060031289243759,0.090866374643377,0.00843059243646286,-0.21247513336838,-0.102265807341346,0.320295308800315
"3-S11b",-0.24550395073384,-0.181039752368334,0.560938982834484,0.444878172367813,-0.0205778234794926,-0.0125065392094809,0.338320381750408,0.244174733909054,0.20818792090851,-0.355319381854212,0.242172520047916,0.136517120377362,-0.0372688947568323,0.194351709854839,0.252167900924325,0.0456608218144815,-0.0981207912340493,-0.329087295199181,-0.0396800936966772,0.316878793354526
"3-S11c",0.0635914625341977,-0.0604941113529116,0.650107990723287,0.387642914538252,-0.0340160167710375,-0.163714132529541,0.577220530943412,0.031989060057133,0.156023137545914,-0.410991343138383,0.202106178522087,-0.166116752143157,0.0812248660818395,0.114498514034082,0.304790257386447,0.0586928864454238,-0.251549429590213,-0.261786274851921,-0.081651742206475,0.148343036592357
"3-S11d",0.144415537654218,0.627283673029173,-0.224757186298816,-0.163373745447601,0.785039018280974,-0.142549470680294,-0.102957829539075,-0.137789623782079,0.458234367772783,-0.0608107255235105,-0.0205880904104226,-0.055185245272749,-0.0544139702557199,-0.0524068291756041,0.150779845678455,0.0664195856737186,0.0452601514608693,-0.247711598103009,0.0740674721221058,-0.0553737975256366
"3-S12a",-0.721420107443244,-0.450109884120187,-0.15777171468957,0.0031567775040349,-0.224953577222896,-0.0750586049814018,-0.0426147885106394,0.0954674101423257,0.117026123273275,0.0451878498666928,0.0820927212604063,0.045639393372257,0.150752324407968,0.086849897899962,0.092956596174455,-0.0463030536265501,0.113586794032686,-0.0775665413417035,0.299968238235255,-0.0159503434076274
"3-S12b",-0.603270910568877,-0.484647009812881,0.0233452174731953,-0.00363542221450813,-0.202809634570688,-0.167206891381526,-0.118673652710949,0.0459173711242043,0.158298577839215,0.258140839522273,-0.11981045179983,0.147814013305151,0.064347377709339,-0.12103075959611,0.129369785432459,-0.0336444370499182,-0.0548198064122168,-0.0074126647757372,-0.0397848544790108,0.000189129959590326
"3-S12c",-0.661201449689324,-0.480790134700759,-0.0595267068393658,-0.00577982550078297,-0.224075360588609,0.101422459481331,-0.208387290540847,-0.0437837609729013,0.143821339185128,0.127270067858187,0.0704096798892002,0.0680763053575495,0.190927811811112,0.0884201645860127,0.124839971511073,0.0241171318521359,-0.000989849546189132,-0.0641726931445272,0.00320309525133054,0.189951588401075
"3-S12d",-0.658527247659194,-0.428039688475629,-0.0419292038160989,-0.0393698913594287,-0.186421486592934,0.191197632049573,-0.202969700635129,-0.0710199722480545,0.145655043088694,0.171847005118183,0.0210542021034916,-0.100292789575428,0.105166528438466,0.0160322903363927,-0.0539808338057388,0.0232276372803512,-0.0485576467855832,0.0254028775299191,0.0473852646782399,0.0648588813220477
"3-S13a",-0.695551798164318,-0.45483360542333,-0.139450041057417,-0.0475345508558188,-0.209082559341407,0.0993311605907749,-0.163214938021063,0.0137364836109216,0.135499437226025,0.242023686121658,-0.0706110684414192,0.0153459975315666,0.0735867285893675,-0.0647516043879371,0.00539244092796422,-0.0231684995224521,-0.0269164250555639,0.00989940100776791,0.0104087375926799,0.065512756157598
"3-S13b",-0.568190162045527,-0.355077709979706,-0.0502115227376765,-0.199795388777928,-0.0634311909523919,-0.0883254697656403,-0.0850992255612208,-0.0814016726093873,-0.0145049605442398,0.170430516937532,-0.0335401368952102,0.0753633221378794,0.130973825308359,0.150620709269708,-0.106153058792393,0.198519920291015,0.142064156555066,0.0200514672797716,-0.0603969999260581,-0.0657605860388649
"3-S13c",-0.650411488423149,-0.479401918482184,-0.0399189769392931,0.0548866290915467,-0.264944457581017,-0.177255566373741,-0.181192812741384,0.107122493675072,0.171455599185752,0.187906672449927,-0.116456541652921,0.0386227460443376,0.0580937219700856,0.0845298709532014,-0.0536143439827046,0.133421924506293,0.0353929072421693,-0.0737107577104863,-0.0422357726386421,0.00536646334963721
"3-S13d",-0.610473655167979,-0.360648502790827,-0.0250712563794733,-0.0724145925930234,-0.126938262081109,0.251101855500396,-0.179870928642857,-0.0374682459798468,0.0313652659192237,0.334354295387724,0.0617044187866147,-0.179501105622011,-0.125963023421037,-0.0653670425220065,-0.112648403682733,-0.0942366077672924,0.0320922582340078,-0.161439306861996,0.0986575597618743,0.0616397937286878
"3-S14a",-0.523696040136476,-0.562013864489856,-0.563629748304891,-0.116622793286245,-0.277696991599681,-0.304535920160513,0.083783356936328,-0.0464195128510947,0.113284979985803,-0.0619325588568405,-0.0553222977441669,-0.00684625457936362,0.0127739306580227,-0.0286891642412243,-0.000490024526970198,0.01111704992517,-0.176312216457311,-0.123305257801017,0.199005678234436,0.088806280900326
"3-S14b",-0.529477003844048,-0.567973794622947,-0.632488868653969,-0.0710516664465098,-0.318556957862879,-0.0693402098597589,0.17937292730373,0.0856474347929975,0.0870492842601082,-0.0589590498685907,0.0169283918127979,0.0876472048764208,-0.0388671372383971,0.085966277048196,0.105038635860944,-0.0865841287080993,-0.0579465161120157,-0.173384844601979,0.135878199354176,0.0940040239112194
"3-S14c",-0.584322816170793,-0.487727271571042,-0.640066931558783,-0.0997721327386445,-0.319580307044744,0.00924776901001505,0.192653514569929,-0.00134329518293411,0.0167844066410714,0.0656055492089439,0.0392631781336424,0.108174233151154,-0.112364179671876,0.0480024623451802,0.0125524618218576,-0.107154692675176,-0.00582302770030269,-0.0172577543405095,0.0306575266946864,0.017018979866937
"3-S14d",0.120589374460655,0.449027984565341,0.047481309489331,-0.18164653644581,0.237904571338308,-0.439495530888687,0.314333335746735,-0.0469162214436158,-0.0206590179892487,0.448269354322209,-0.197500591380754,-0.162110943227842,-0.0721354573460727,-0.0366035208881227,0.281211084072601,-0.137382086537494,-0.0751688221624903,-0.0564650700453204,-0.258946110720686,-0.114658318881728
"3-S14e",-0.49510402251228,-0.519304968442258,-0.723881355058184,-0.0972049025553146,-0.330046768840661,-0.0114304876161514,0.207269314551962,-0.0042450587861647,0.00418098036045858,0.0885800562182241,-0.0391995432897598,0.143649194154311,-0.235615050673693,0.0267793533798813,0.0307526325470195,-0.149810411180781,-0.0345290006946591,-0.133499435760095,0.0671803171358824,0.113700612047041
"3-S14f",-0.466459225230106,-0.508365257161926,-0.698515073503578,-0.143522428126748,-0.319308602314903,-0.0935724940695322,0.294011981382164,0.0107109188989063,-0.00993953907339888,-0.0180052214661074,0.129246473139379,0.102491965404313,-0.175952095520505,-0.0619412104568925,0.0120514342149781,-0.13220860912866,0.0403125937042796,-0.0109304183070981,0.0282820834480543,0.0530558493159202
"3-S14g",-0.605923450609161,-0.479948506668314,-0.509636732277314,-0.0754359124988381,-0.317258313538836,0.00274906485210728,0.194660625226485,-0.000494738958982759,0.060018719875668,0.0506303478644948,-0.0306194249609597,0.0515541332999094,-0.0818864253214626,0.0201692794258851,0.089113677693215,-0.109146325491826,-0.0216264301949441,-0.120658197711472,-0.00967880814920883,0.0357708307061059
"3-S14h",0.0680594393448541,0.373598309810654,0.122130746125234,-0.0616000812447579,0.031453328073057,-0.367665146229104,0.444207552999705,0.0168696244822353,-0.264682262847931,0.534214268332411,-0.255392084641918,-0.227657532031987,-0.0548782023274752,-0.220330291148215,0.228294283037404,-0.116843653677544,-0.0741412777518152,-0.0987399376407568,-0.195415793230388,-0.13190487230657
"3-S15a",-0.670690082057762,-0.389913922054257,-0.140514903333851,-0.055455723310553,-0.152544705595543,-0.242315288370763,-0.151504703965298,-0.0081740537114284,0.0538876980183549,0.0222231880779551,0.132253949230729,0.122246340479493,0.204518749535764,-0.211454616417392,-0.143078182984618,0.154579634735294,-0.0192423670300572,0.188073830216917,0.130099872683819,-0.0118058743942772
"3-S15b",-0.62887870910299,-0.418818587437108,-0.153891434947562,-0.0679767587404935,-0.215222019580375,-0.298164580448096,0.0319559643371489,-0.0267142274907998,0.0520340301126035,0.109673612420163,0.0654237571569954,-0.0715207130817321,0.129456905766541,-0.186067151089777,-0.0561181544180267,0.0924909728917236,-0.0521444196459227,0.0946760349942755,-0.060036690357848,-0.125896527998044
"3-S15c",-0.489275802480921,-0.437117798067342,-0.0380446745925819,0.0272736592350063,-0.236513601085732,-0.530714612685446,0.0713424049308594,0.176254359409774,0.100394675103863,0.165590625767958,0.218751589045826,-0.0274675280744663,0.103089943460776,-0.241125004687182,-0.183500043762892,0.0229118353505943,0.0498380001842644,-0.0997278694262337,-0.200249054721632,-0.077134801221542
"3-S15d",-0.73825636787245,-0.46106161902069,-0.242977994534091,-0.0392021758445706,-0.213926688972243,-0.0270036099890499,-0.0768517340624575,-0.0346573179730017,0.11977266201837,0.0933308646067487,0.0385987642216114,0.102160768561642,0.0987088286792152,-0.0437110324501737,-0.044465881007418,0.0172071283484921,-0.0260374465964112,0.0972838797857958,-0.0156792839066911,-0.0433579289458982
"3-S16a",-0.592077329792271,-0.419611305470953,0.021367576053067,-0.0258804216274524,-0.220934893309597,-0.210896632855233,-0.0517080533518647,0.0138451879948947,0.042662193822714,0.22340487011313,0.158923342800191,-0.0719625043941965,0.0525761528567753,-0.188495952783269,0.0921403350104612,0.101190147781171,0.302216605204121,-0.136453362739418,-0.0822988609180709,-0.108801642074428
"3-S16b",-0.344978633371453,-0.540446954163224,-0.0240274337978465,0.0588980046034572,-0.103363510458251,-0.613129694474781,-0.172377956606577,-0.0162962481008815,0.101262311782678,-0.209119507447737,-0.0699948183249784,-0.332879257838757,0.248057771626031,-0.109266266231027,0.0477910445724023,0.217568606176542,0.257189320914259,-0.0571130414927863,0.14809003606525,0.461463002633749
"3-S16c",-0.360050357106952,-0.504931697385145,0.106859324777474,0.130775989963015,-0.229218088337551,-0.741127765393262,0.0818402113860339,-0.088384106309324,0.159212627020908,0.246641838164134,-0.119933615675698,-0.310519263140885,-0.073217502081208,-0.296730914902935,0.0521978254648523,0.0259422839102639,-0.052599027188148,0.0147948590601428,-0.151633012010291,-0.0419511125546853
"3-S16d",-0.564652629349029,-0.431155616936772,0.0361364693941011,-0.0580013030272969,-0.246404544827987,-0.210874054017435,-0.0559522432170685,-0.0978900084023238,0.0662503010308512,0.355870431000351,0.167037235379598,0.0327027892975915,0.0462832258718172,-0.0514648445778773,-0.0640149755205963,-0.0233430955216106,0.244388217465496,-0.0878288480665405,-0.0152941018303717,-0.0163442537919518
"3-S17A",-0.38471672128539,-0.0658399030890467,0.254189364123185,0.112420751445493,-0.0417027955684934,-0.0568342249163056,0.39092654097772,-0.0795527506607809,0.0597216443733043,0.201222196843851,-0.234767586294063,0.122294561235988,-0.0563515716970034,-0.303914846454138,-0.0548144604056592,-0.110509685430933,0.390300840717108,0.104472587053119,-0.412771973112831,0.185671950335528
"3-S17b",-0.132202041736629,0.0867665273822052,0.284972516525819,-0.172265187643635,0.401740197209602,-0.262949838972335,-0.0296698918955145,0.346014620009774,-0.149134867721468,-0.0060675439380002,0.126684872677397,0.0663008597851664,-0.101872782058928,0.0742721562152714,0.018040836732875,-0.226012428024181,0.106651789794655,-0.112828164202708,0.243194912474832,0.169695778895396
"3-S17c",-0.339152478794789,0.223007259784841,0.25038213900113,-0.0595990566955821,0.159292382509541,0.142716044675636,0.0319979537858871,0.138102426159722,-0.0441115735174525,0.106732630511341,-0.0182150078994043,-0.0129062137276191,0.0352900865691574,-0.179313218403912,0.0679706366554848,-0.0254984592682688,-0.0466357215852525,-0.0913356278891022,-0.148680585579509,0.409599690821981
"3-S17d",-0.328528789432581,0.0962717455209949,0.375826645839563,-0.0345143524103918,0.0975127748391998,0.234419440262318,-0.285584177445607,0.0404947058032077,-0.131898491787653,0.142299954834848,-0.106767499744204,-0.206302957024374,-0.35498280052261,0.0146889836738762,0.166949728436319,0.117962657341221,0.0211312918635565,0.0644887641255754,0.115455255798083,0.126310007148544
"3-S18a",-0.279720747807018,-0.0477317224303392,0.211074798809666,-0.290191513322217,0.20924710871128,-0.376320350639331,-0.144549173033017,0.0608436437518095,-0.260421797508134,-0.0158590137788489,0.123931419817111,0.0322987745692788,-0.0506633893587897,-0.13140910941311,0.0454752530643158,0.0442411787224335,0.04027778440663,0.10612274524802,0.133627189613919,0.0652295017837959
"3-S18b",-0.266805351537594,0.188011022214181,0.271628952455759,-0.0743386814821377,0.285356353901445,0.0054339632689465,0.0343489899935414,0.0692888699215863,-0.440475513525721,-0.0362694010656059,0.167662450832789,0.000339368602366349,-0.063171472614643,-0.281407437425692,0.204785089800027,0.171604258141625,0.367781647504214,-0.103797832490446,-0.0305813877531967,0.00706235841037655
"3-S18c",-0.317087140522282,0.0172952127724661,0.135088838373208,-0.248895296562113,0.31167641026085,-0.110915023207266,-0.275087803393374,0.0206370128637637,-0.136876540090859,0.108202073245342,0.0429414742286711,0.0702261142214765,0.122305366344395,0.278186636248017,-0.0784332646687282,-0.0370522770096085,0.196392630692679,0.335006135214844,-0.202373980708162,0.109674087355368
"3-S18d",-0.364790764039345,0.282271493193025,-0.140780088337072,-0.220394740019137,0.447324508462285,0.131245172609121,-0.204818011833933,-0.0538450600426333,0.245630726541647,0.0765499931881119,0.00430966674599611,0.0353407307092217,0.0714049444968862,-0.0555695837017965,0.070944051307005,0.0221558955852083,0.0108826583749429,0.123492816476931,-0.217828357442515,0.122529670646559
"3-S19a",-0.0470484337100468,0.198707144476156,0.307593151530371,-0.160125046554415,0.326313759733628,-0.136928325143848,0.134485134900992,0.320848411473054,-0.266111626350449,-0.0883807574593702,0.379265144733016,-0.00107571143883144,0.0851168394724321,-0.0583599213066787,-0.041732925779192,-0.0208191952537372,0.0821691145124241,-0.215637588494764,0.135298007324988,-0.0913837372418294
"3-S19b",-0.0520886030805185,0.00501590606876745,0.33417475568276,-0.119963912377753,0.451472517841435,-0.334740204446727,-0.0143073507241275,0.295372590445154,-0.263288379380966,-0.132035431824933,0.134299468194363,0.0137205642733318,-0.202804849435626,-0.169169033617172,0.18234526788246,-0.356109383150087,-0.217547610475936,-0.0887649585444358,-0.0622500898215578,-0.0914172772839951
"3-S19c",-0.0600285816008402,-0.0561362600190324,0.345298095545244,-0.204185585792677,0.356853240586217,-0.28983433178928,0.0984044079677986,-0.103333964808646,-0.28765250563236,-0.303155743362129,0.0668232971979153,0.171709031770088,-0.146970910614591,-0.199954780860065,-0.350731628898523,-0.188802274541173,-0.165159771748202,0.0556178429932528,0.226481587519085,-0.305932226649229
"3-S19d",-0.222631617840991,0.249034382883874,0.257342377735124,-0.190939538661871,0.444705916054636,0.0281604823229141,-0.02467946236314,0.064928550703721,0.045101753872776,-0.0670752985971148,-0.00992611648100405,0.0418591226582346,0.0806979256562787,0.0555913198331049,0.186069880852107,-0.00439663586143323,-0.0232323572171199,0.0948499421721153,-0.106272723518345,-0.00564891572746083
"3-S20a",-0.369846882415941,-0.0564918995604171,0.293451337086404,-0.147896987615834,0.322917471833316,0.333847110038699,-0.278291592142002,-0.0386369692936264,-0.171352200209568,0.0166719924073506,0.00589500717736516,-0.251027492983005,-0.094397156235186,-0.105029852551344,-0.141281242329631,-0.0925080558922074,-0.184685092243656,0.109078777520027,-0.0657905772181794,0.0258072903492862
"3-S20b",-0.294410382084279,0.139618986316042,0.419436518186633,-0.103949511183706,0.371506370639231,0.228018845003693,-0.0592606491149688,0.00546721155525226,-0.161139373246537,-0.00276821054164122,-0.0202400462954189,-0.0135303115540806,0.0800007153447281,-0.0321427639693167,-0.0494695403820204,-0.371522142413188,0.227106136719943,-0.0846121762153045,0.0848772303022939,0.0237561712980198
"3-S20c",-0.303284384684232,0.0747835737309654,0.00389561171024124,-0.219366774823222,0.20487598559606,0.0260393915529896,0.00275908737127994,0.283716688179214,-0.103266674829783,-0.00655868904550547,0.094346213270194,0.142643300814683,0.23808529118227,-0.305714090186477,0.0993047394918109,-0.0512086863052103,0.0167321520614989,-0.0613473888430052,0.101480612099787,0.0266535670417085
"3-S20d",-0.218141067061395,0.493685414983169,0.0426669491665839,-0.136370502011212,0.573496063996678,0.125021911747919,-0.00405567609331096,-0.00579129467021037,0.0536644718507755,-0.122897311414219,-0.08386121585391,0.141574153691959,0.0750188561511275,-0.176644777032633,0.102411222475407,0.0333556081601909,0.184553086542105,0.0817725111973195,0.0598610542327763,-0.0257274556795672
"3-S21a",-0.0610434479644377,-0.0616353821940433,0.229624688438825,-0.272848048959519,0.315938111591014,-0.321671157650015,0.0655661231057969,0.43697725771888,-0.162367764048151,-0.112028633208085,-0.181014858964507,-0.160884690924144,0.169183534249669,-0.0739265438189376,-0.280541568681054,-0.133600801236144,0.215349153743162,0.0144974045198048,-0.0340581645571107,-0.0496386438567042
"3-S21b",-0.401346195721456,-0.156962302448024,0.14025487391429,-0.0170420003059079,0.186793270386909,0.334380265191856,-0.140476476394885,-0.108586385882063,-0.205579738607682,-0.362924030068408,0.15430396651654,0.29805419649541,-0.195911163984617,-0.141798584694848,-0.00484366142543415,0.0188959271385503,-0.095244969040009,0.172671794092696,-0.461593955382924,-0.362785491461961
"3-S21c",-0.375062248637106,-0.178381137877164,0.440842850940478,-0.0573766596749105,0.184434017844113,0.000347936827307642,-0.118787618939474,0.079889973485387,-0.0699776394124059,-0.268332750588644,0.0266331196680167,0.276305353980185,0.157007802743197,-0.0577411600013348,-0.0682277495915548,0.101436979577995,-0.0304911794313825,0.0710019273000975,-0.101244942507078,-0.0270994359012552
"3-S21d",-0.321190903728103,-0.0021570001161588,0.319657165967848,-0.156308640243774,0.243703728770993,-0.0464550813205474,-0.153934778149169,0.0602080666765378,-0.162080710508748,-0.059517966993285,0.000616261620100618,0.341421764397451,0.173744446115643,0.0697892699944259,0.00726866208328222,-0.196311784335907,-0.0655541504097498,0.0573931735021612,-0.114023180842472,-0.0279729592406083
